 EM Railgun example                                                      
                    ls-dyna smp d R13 R13.1.1_27_8731a0 date 07/28/2023
EM Part data
  time,        LorFor-x,   LorFor-y,   LorFor-z,   JHEnergy,   MagEnergy,  KinEnergy,  PlasEnergy, LorTor-x,   LorTor-y,   LorTor-z,   SurFor-x,   SurFor-y,   SurFor-z,   SurTor-x,   SurTor-y,   SurTor-z,  
  0.1000000E-04  0.1349540E+08  0.1281761E+09 -0.2542000E+10  0.2942180E+15  0.4806986E+09  0.0000000E+00  0.0000000E+00 -0.3247172E+10  0.2329949E+12  0.1244847E+11  0.0000000E+00  0.0000000E+00  0.0000000E+00  0.0000000E+00  0.0000000E+00  0.0000000E+00
  0.2000000E-04  0.4004721E+08  0.6402449E+09 -0.1156823E+11  0.9466339E+15  0.3218808E+10  0.0000000E+00  0.0000000E+00 -0.1477182E+11  0.1060058E+13  0.6199143E+11  0.0000000E+00  0.0000000E+00  0.0000000E+00  0.0000000E+00  0.0000000E+00  0.0000000E+00
  0.3000000E-04  0.5013465E+08  0.1611602E+10 -0.2679916E+11  0.1742134E+16  0.9764723E+10  0.0000000E+00  0.0000000E+00 -0.3413703E+11  0.2454890E+13  0.1556609E+12  0.0000000E+00  0.0000000E+00  0.0000000E+00  0.0000000E+00  0.0000000E+00  0.0000000E+00
  0.4000000E-04 -0.3726526E+07  0.2762716E+10 -0.4545389E+11  0.2527360E+16  0.2061134E+11  0.0000000E+00  0.0000000E+00 -0.5329088E+11  0.4185418E+13  0.2685338E+12  0.0000000E+00  0.0000000E+00  0.0000000E+00  0.0000000E+00  0.0000000E+00  0.0000000E+00
  0.5000000E-04 -0.1607459E+09  0.4192433E+10 -0.6733370E+11  0.3317412E+16  0.3607226E+11  0.0000000E+00  0.0000000E+00 -0.7395841E+11  0.6205828E+13  0.4074059E+12  0.0000000E+00  0.0000000E+00  0.0000000E+00  0.0000000E+00  0.0000000E+00  0.0000000E+00
  0.6000000E-04 -0.4508399E+09  0.5838125E+10 -0.9108507E+11  0.4065574E+16  0.5607644E+11  0.0000000E+00  0.0000000E+00 -0.9520528E+11  0.8388000E+13  0.5659411E+12  0.0000000E+00  0.0000000E+00  0.0000000E+00  0.0000000E+00  0.0000000E+00  0.0000000E+00
  0.7000000E-04 -0.7727791E+09  0.8762612E+10 -0.1382233E+12  0.6248788E+16  0.8356657E+11  0.0000000E+00  0.0000000E+00 -0.1483152E+12  0.1268540E+14  0.8007388E+12  0.0000000E+00  0.0000000E+00  0.0000000E+00  0.0000000E+00  0.0000000E+00  0.0000000E+00
  0.8000000E-04 -0.7398357E+09  0.1012445E+11 -0.1621683E+12  0.6399594E+16  0.1147273E+12  0.0000000E+00  0.0000000E+00 -0.1708536E+12  0.1483059E+14  0.9184384E+12  0.0000000E+00  0.0000000E+00  0.0000000E+00  0.0000000E+00  0.0000000E+00  0.0000000E+00
  0.9000000E-04 -0.1043648E+10  0.1157336E+11 -0.1823065E+12  0.6615160E+16  0.1473702E+12  0.0000000E+00  0.0000000E+00 -0.1922168E+12  0.1663299E+14  0.1044087E+13  0.0000000E+00  0.0000000E+00  0.0000000E+00  0.0000000E+00  0.0000000E+00  0.0000000E+00
  0.1000000E-03  0.9451852E+09  0.1555781E+11 -0.1425165E+12  0.7803135E+16  0.1513901E+12  0.0000000E+00  0.0000000E+00 -0.2718390E+12  0.1199127E+14  0.1290363E+13  0.0000000E+00  0.0000000E+00  0.0000000E+00  0.0000000E+00  0.0000000E+00  0.0000000E+00
  0.1100000E-03 -0.1043134E+10  0.1682569E+11 -0.1812741E+12  0.6979457E+16  0.1741050E+12  0.0000000E+00  0.0000000E+00 -0.2822933E+12  0.1540794E+14  0.1388591E+13  0.0000000E+00  0.0000000E+00  0.0000000E+00  0.0000000E+00  0.0000000E+00  0.0000000E+00
  0.1200000E-03 -0.2774398E+10  0.1807454E+11 -0.2060157E+12  0.6715929E+16  0.2036536E+12  0.0000000E+00  0.0000000E+00 -0.2893426E+12  0.1763482E+14  0.1488420E+13  0.0000000E+00  0.0000000E+00  0.0000000E+00  0.0000000E+00  0.0000000E+00  0.0000000E+00
  0.1300000E-03 -0.1076482E+11  0.1274323E+11 -0.4222412E+12  0.2738994E+17  0.2649232E+12  0.0000000E+00  0.0000000E+00 -0.1194071E+12  0.3039904E+14  0.9271375E+12  0.0000000E+00  0.0000000E+00  0.0000000E+00  0.0000000E+00  0.0000000E+00  0.0000000E+00
  0.1400000E-03 -0.1319597E+11  0.1104152E+11 -0.4951318E+12  0.2066410E+17  0.3509567E+12  0.0000000E+00  0.0000000E+00 -0.8996451E+11  0.3564494E+14  0.7956796E+12  0.0000000E+00  0.0000000E+00  0.0000000E+00  0.0000000E+00  0.0000000E+00  0.0000000E+00
  0.1500000E-03 -0.1472381E+11  0.9894394E+10 -0.5174752E+12  0.1690697E+17  0.4318484E+12  0.0000000E+00  0.0000000E+00 -0.7611990E+11  0.3764329E+14  0.7067237E+12  0.0000000E+00  0.0000000E+00  0.0000000E+00  0.0000000E+00  0.0000000E+00  0.0000000E+00
  0.1600000E-03 -0.7217990E+10 -0.2720892E+10 -0.2821958E+12  0.5091041E+17  0.3759374E+12  0.0000000E+00  0.0000000E+00  0.1603312E+12  0.7417258E+13 -0.8254599E+11  0.0000000E+00  0.0000000E+00  0.0000000E+00  0.0000000E+00  0.0000000E+00  0.0000000E+00
  0.1700000E-03 -0.1115823E+11 -0.2147823E+10 -0.5136358E+12  0.4009669E+17  0.4442052E+12  0.0000000E+00  0.0000000E+00  0.1076795E+12  0.1552797E+14 -0.5849994E+11  0.0000000E+00  0.0000000E+00  0.0000000E+00  0.0000000E+00  0.0000000E+00  0.0000000E+00
  0.1800000E-03 -0.1407554E+11 -0.1757733E+10 -0.6311987E+12  0.3367017E+17  0.5502551E+12  0.0000000E+00  0.0000000E+00  0.7378744E+11  0.2068353E+14 -0.4450218E+11  0.0000000E+00  0.0000000E+00  0.0000000E+00  0.0000000E+00  0.0000000E+00  0.0000000E+00
