 EM Railgun example                                                      
                    ls-dyna smp d R13 R13.1.1_27_8731a0 date 07/28/2023
EM Part data
  time,        LorFor-x,   LorFor-y,   LorFor-z,   JHEnergy,   MagEnergy,  KinEnergy,  PlasEnergy, LorTor-x,   LorTor-y,   LorTor-z,   SurFor-x,   SurFor-y,   SurFor-z,   SurTor-x,   SurTor-y,   SurTor-z,  
  0.1000000E-04  0.2901577E+08  0.9555427E+08  0.2640368E+10  0.3004095E+15  0.5084490E+09  0.0000000E+00  0.0000000E+00  0.1421745E+10 -0.2411013E+12  0.9150738E+10  0.0000000E+00  0.0000000E+00  0.0000000E+00  0.0000000E+00  0.0000000E+00  0.0000000E+00
  0.2000000E-04  0.1025726E+09  0.4317796E+09  0.1197458E+11  0.9645211E+15  0.3388728E+10  0.0000000E+00  0.0000000E+00  0.5677879E+10 -0.1093683E+13  0.4180164E+11  0.0000000E+00  0.0000000E+00  0.0000000E+00  0.0000000E+00  0.0000000E+00  0.0000000E+00
  0.3000000E-04  0.1777083E+09  0.9946032E+09  0.2765990E+11  0.1772034E+16  0.1023792E+11  0.0000000E+00  0.0000000E+00  0.1151739E+11 -0.2526415E+13  0.9722338E+11  0.0000000E+00  0.0000000E+00  0.0000000E+00  0.0000000E+00  0.0000000E+00  0.0000000E+00
  0.4000000E-04  0.1210359E+09  0.2159383E+10  0.4656840E+11  0.2558429E+16  0.2147848E+11  0.0000000E+00  0.0000000E+00  0.2157659E+11 -0.4280852E+13  0.2057161E+12  0.0000000E+00  0.0000000E+00  0.0000000E+00  0.0000000E+00  0.0000000E+00  0.0000000E+00
  0.5000000E-04  0.1900558E+08  0.3616523E+10  0.6860572E+11  0.3344128E+16  0.3738312E+11  0.0000000E+00  0.0000000E+00  0.3113106E+11 -0.6319855E+13  0.3421071E+12  0.0000000E+00  0.0000000E+00  0.0000000E+00  0.0000000E+00  0.0000000E+00  0.0000000E+00
  0.6000000E-04 -0.1493152E+09  0.5244292E+10  0.9241941E+11  0.4086428E+16  0.5783688E+11  0.0000000E+00  0.0000000E+00  0.3892998E+11 -0.8514636E+13  0.4956377E+12  0.0000000E+00  0.0000000E+00  0.0000000E+00  0.0000000E+00  0.0000000E+00  0.0000000E+00
  0.7000000E-04 -0.6829740E+09  0.6416889E+10  0.1366186E+12  0.6210034E+16  0.8392918E+11  0.0000000E+00  0.0000000E+00  0.6064155E+11 -0.1254125E+14  0.6095862E+12  0.0000000E+00  0.0000000E+00  0.0000000E+00  0.0000000E+00  0.0000000E+00  0.0000000E+00
  0.8000000E-04 -0.8152364E+09  0.6643226E+10  0.1603433E+12  0.6315686E+16  0.1144736E+12  0.0000000E+00  0.0000000E+00  0.6559230E+11 -0.1465697E+14  0.6241871E+12  0.0000000E+00  0.0000000E+00  0.0000000E+00  0.0000000E+00  0.0000000E+00  0.0000000E+00
  0.9000000E-04 -0.1262008E+10  0.6533528E+10  0.1800196E+12  0.6511757E+16  0.1466592E+12  0.0000000E+00  0.0000000E+00  0.6675834E+11 -0.1641486E+14  0.6132542E+12  0.0000000E+00  0.0000000E+00  0.0000000E+00  0.0000000E+00  0.0000000E+00  0.0000000E+00
  0.1000000E-03  0.1013487E+10  0.7232810E+10  0.1424383E+12  0.7783266E+16  0.1511566E+12  0.0000000E+00  0.0000000E+00  0.6212093E+11 -0.1199033E+14  0.6012783E+12  0.0000000E+00  0.0000000E+00  0.0000000E+00  0.0000000E+00  0.0000000E+00  0.0000000E+00
  0.1100000E-03 -0.9877160E+09  0.8231196E+10  0.1811642E+12  0.6964254E+16  0.1743580E+12  0.0000000E+00  0.0000000E+00  0.7298951E+11 -0.1540411E+14  0.6863034E+12  0.0000000E+00  0.0000000E+00  0.0000000E+00  0.0000000E+00  0.0000000E+00  0.0000000E+00
  0.1200000E-03 -0.2775720E+10  0.9099116E+10  0.2058874E+12  0.6703217E+16  0.2043328E+12  0.0000000E+00  0.0000000E+00  0.7842229E+11 -0.1762901E+14  0.7622349E+12  0.0000000E+00  0.0000000E+00  0.0000000E+00  0.0000000E+00  0.0000000E+00  0.0000000E+00
  0.1300000E-03 -0.1110357E+11  0.2542089E+10  0.4274718E+12  0.2751648E+17  0.2671429E+12  0.0000000E+00  0.0000000E+00 -0.9945764E+11 -0.3066167E+14  0.2180055E+12  0.0000000E+00  0.0000000E+00  0.0000000E+00  0.0000000E+00  0.0000000E+00  0.0000000E+00
  0.1400000E-03 -0.1388652E+11  0.9319144E+09  0.4997083E+12  0.2073539E+17  0.3542566E+12  0.0000000E+00  0.0000000E+00 -0.1172462E+12 -0.3587521E+14  0.1227649E+12  0.0000000E+00  0.0000000E+00  0.0000000E+00  0.0000000E+00  0.0000000E+00  0.0000000E+00
  0.1500000E-03 -0.1565285E+11 -0.1102282E+08  0.5212249E+12  0.1694457E+17  0.4357730E+12  0.0000000E+00  0.0000000E+00 -0.1194389E+12 -0.3783231E+14  0.6681267E+11  0.0000000E+00  0.0000000E+00  0.0000000E+00  0.0000000E+00  0.0000000E+00  0.0000000E+00
  0.1600000E-03 -0.6998732E+10 -0.1779109E+10  0.2806853E+12  0.5128119E+17  0.3777585E+12  0.0000000E+00  0.0000000E+00  0.5382611E+09 -0.7183924E+13 -0.1095097E+12  0.0000000E+00  0.0000000E+00  0.0000000E+00  0.0000000E+00  0.0000000E+00  0.0000000E+00
  0.1700000E-03 -0.1076410E+11 -0.1265689E+10  0.5144390E+12  0.4033862E+17  0.4456517E+12  0.0000000E+00  0.0000000E+00 -0.7806549E+10 -0.1538779E+14 -0.7845527E+11  0.0000000E+00  0.0000000E+00  0.0000000E+00  0.0000000E+00  0.0000000E+00  0.0000000E+00
  0.1800000E-03 -0.1360571E+11 -0.9365625E+09  0.6328392E+12  0.3383619E+17  0.5518203E+12  0.0000000E+00  0.0000000E+00 -0.1261578E+11 -0.2059427E+14 -0.5923258E+11  0.0000000E+00  0.0000000E+00  0.0000000E+00  0.0000000E+00  0.0000000E+00  0.0000000E+00
