 EM Railgun example                                                      
                    ls-dyna smp d R13 R13.1.1_27_8731a0 date 07/28/2023
EM Part data
  time,        LorFor-x,   LorFor-y,   LorFor-z,   JHEnergy,   MagEnergy,  KinEnergy,  PlasEnergy, LorTor-x,   LorTor-y,   LorTor-z,   SurFor-x,   SurFor-y,   SurFor-z,   SurTor-x,   SurTor-y,   SurTor-z,  
  0.1000000E-04  0.3493227E+17  0.1868990E+16  0.2364800E+15  0.9110786E+22  0.2624811E+17  0.0000000E+00  0.0000000E+00 -0.1578540E+16 -0.1693347E+15  0.2242214E+17  0.0000000E+00  0.0000000E+00  0.0000000E+00  0.0000000E+00  0.0000000E+00  0.0000000E+00
  0.1000000E-04  0.2024323E+10  0.3688551E+10  0.7227869E+09  0.2814905E+16  0.7888136E+10  0.0000000E+00  0.0000000E+00  0.3082690E+10 -0.4626456E+10  0.4898796E+11  0.0000000E+00  0.0000000E+00  0.0000000E+00  0.0000000E+00  0.0000000E+00  0.0000000E+00
  0.2000000E-04  0.6972364E+10  0.1274426E+11  0.2750095E+10  0.8214535E+16  0.3663058E+11  0.5130711E+07  0.1682349E+08  0.8452547E+10 -0.1512179E+11  0.1702910E+12  0.0000000E+00  0.0000000E+00  0.0000000E+00  0.0000000E+00  0.0000000E+00  0.0000000E+00
  0.3000000E-04  0.1366566E+11  0.2312672E+11  0.5412523E+10  0.1412850E+17  0.8374376E+11  0.1533019E+09  0.2124794E+09  0.9621761E+10 -0.2587701E+11  0.3104959E+12  0.0000000E+00  0.0000000E+00  0.0000000E+00  0.0000000E+00  0.0000000E+00  0.0000000E+00
  0.4000000E-04  0.2623491E+11  0.2865895E+11  0.9293369E+10  0.1768655E+17  0.1349194E+12  0.1260198E+10  0.7788232E+09  0.1238693E+12 -0.3372460E+11  0.3727609E+12  0.0000000E+00  0.0000000E+00  0.0000000E+00  0.0000000E+00  0.0000000E+00  0.0000000E+00
  0.5000000E-04  0.3832941E+11  0.3271437E+11  0.1256642E+11  0.2132590E+17  0.1916044E+12  0.6448093E+10  0.1612587E+10  0.2243108E+12 -0.4154013E+11  0.3999511E+12  0.0000000E+00  0.0000000E+00  0.0000000E+00  0.0000000E+00  0.0000000E+00  0.0000000E+00
  0.6000000E-04  0.5005565E+11  0.3503596E+11  0.1498864E+11  0.2456054E+17  0.2519364E+12  0.2346334E+11  0.2787945E+10  0.3019102E+12 -0.4927764E+11  0.4009785E+12  0.0000000E+00  0.0000000E+00  0.0000000E+00  0.0000000E+00  0.0000000E+00  0.0000000E+00
  0.7000000E-04  0.5447559E+11  0.1068364E+11 -0.8539637E+09  0.3030533E+17  0.3144157E+12  0.6374857E+11  0.4177497E+10  0.2429216E+12  0.7147945E+11 -0.3296759E+11  0.0000000E+00  0.0000000E+00  0.0000000E+00  0.0000000E+00  0.0000000E+00  0.0000000E+00
  0.8000000E-04  0.5866555E+11 -0.2980749E+10 -0.3541933E+10  0.2790715E+17  0.3892460E+12  0.1368713E+12  0.5035494E+10  0.1915628E+12  0.6828648E+11 -0.2826022E+12  0.0000000E+00  0.0000000E+00  0.0000000E+00  0.0000000E+00  0.0000000E+00  0.0000000E+00
  0.9000000E-04  0.6627434E+11 -0.1535544E+11 -0.3947094E+10  0.2788445E+17  0.4500845E+12  0.2476226E+12  0.6059640E+10  0.1614486E+12  0.5275527E+11 -0.4972784E+12  0.0000000E+00  0.0000000E+00  0.0000000E+00  0.0000000E+00  0.0000000E+00  0.0000000E+00
  0.1000000E-03  0.2243309E+12  0.2741908E+11  0.1194932E+11  0.7142799E+17  0.6840821E+12  0.4073281E+12  0.7243122E+10  0.2713759E+12 -0.1642085E+12 -0.1525664E+12  0.0000000E+00  0.0000000E+00  0.0000000E+00  0.0000000E+00  0.0000000E+00  0.0000000E+00
  0.1100000E-03  0.2274530E+12  0.2808695E+11  0.9941971E+10  0.6030695E+17  0.8650953E+12  0.9233834E+12  0.3928837E+11  0.2756120E+12 -0.1336231E+12 -0.1218007E+12  0.0000000E+00  0.0000000E+00  0.0000000E+00  0.0000000E+00  0.0000000E+00  0.0000000E+00
  0.1200000E-03  0.2280683E+12  0.2595476E+11  0.6836004E+10  0.5452881E+17  0.9704021E+12  0.2160262E+13  0.4193633E+11  0.2600242E+12 -0.9181748E+11 -0.1225482E+12  0.0000000E+00  0.0000000E+00  0.0000000E+00  0.0000000E+00  0.0000000E+00  0.0000000E+00
  0.1300000E-03  0.8300161E+12 -0.3793659E+10 -0.4457547E+10  0.2086567E+18  0.1901305E+13  0.3920864E+13  0.4272007E+11 -0.3103205E+11 -0.1241332E+10 -0.3761140E+12  0.0000000E+00  0.0000000E+00  0.0000000E+00  0.0000000E+00  0.0000000E+00  0.0000000E+00
  0.1400000E-03  0.7908672E+12 -0.1570572E+10 -0.2586992E+10  0.1662486E+18  0.2359480E+13  0.9794189E+13  0.4378393E+12 -0.6813657E+11 -0.8467682E+10 -0.3023768E+12  0.0000000E+00  0.0000000E+00  0.0000000E+00  0.0000000E+00  0.0000000E+00  0.0000000E+00
  0.1500000E-03  0.7617001E+12 -0.2263534E+10 -0.8763642E+09  0.1417059E+18  0.2597935E+13  0.2443760E+14  0.3701018E+12 -0.8042509E+11 -0.2014442E+11 -0.2825111E+12  0.0000000E+00  0.0000000E+00  0.0000000E+00  0.0000000E+00  0.0000000E+00  0.0000000E+00
  0.1600000E-03  0.8763871E+12 -0.5146132E+11 -0.1320957E+11  0.1662059E+18  0.3009131E+13  0.4461981E+14  0.3494118E+12  0.2364621E+12  0.1718297E+12 -0.9303199E+12  0.0000000E+00  0.0000000E+00  0.0000000E+00  0.0000000E+00  0.0000000E+00  0.0000000E+00
  0.1700000E-03  0.8251458E+12 -0.5079695E+11 -0.1492234E+11  0.1435411E+18  0.3160586E+13  0.7190247E+14  0.4951000E+12  0.2526025E+12  0.2004304E+12 -0.8936960E+12  0.0000000E+00  0.0000000E+00  0.0000000E+00  0.0000000E+00  0.0000000E+00  0.0000000E+00
  0.1800000E-03  0.7709591E+12 -0.4567062E+11 -0.1484425E+11  0.1261730E+18  0.3198609E+13  0.1080409E+15  0.4060007E+12  0.2532600E+12  0.1912809E+12 -0.7950716E+12  0.0000000E+00  0.0000000E+00  0.0000000E+00  0.0000000E+00  0.0000000E+00  0.0000000E+00
