 EM Railgun example                                                      
                    ls-dyna smp d R13 R13.1.1_27_8731a0 date 07/28/2023
EM Part data
  time,        LorFor-x,   LorFor-y,   LorFor-z,   JHEnergy,   MagEnergy,  KinEnergy,  PlasEnergy, LorTor-x,   LorTor-y,   LorTor-z,   SurFor-x,   SurFor-y,   SurFor-z,   SurTor-x,   SurTor-y,   SurTor-z,  
  0.1000000E-04  0.1349540E+08  0.1281761E+09 -0.2542000E+10  0.2942180E+15  0.4806986E+09  0.0000000E+00  0.0000000E+00 -0.3247172E+10  0.2329949E+12  0.1244847E+11  0.0000000E+00  0.0000000E+00  0.0000000E+00  0.0000000E+00  0.0000000E+00  0.0000000E+00
  0.2000000E-04  0.4004721E+08  0.6402449E+09 -0.1156823E+11  0.9466339E+15  0.3218808E+10  0.0000000E+00  0.0000000E+00 -0.1477182E+11  0.1060058E+13  0.6199143E+11  0.0000000E+00  0.0000000E+00  0.0000000E+00  0.0000000E+00  0.0000000E+00  0.0000000E+00
  0.3000000E-04  0.5013465E+08  0.1611602E+10 -0.2679916E+11  0.1742134E+16  0.9764723E+10  0.0000000E+00  0.0000000E+00 -0.3413703E+11  0.2454890E+13  0.1556609E+12  0.0000000E+00  0.0000000E+00  0.0000000E+00  0.0000000E+00  0.0000000E+00  0.0000000E+00
  0.4000000E-04 -0.3726526E+07  0.2762716E+10 -0.4545389E+11  0.2527360E+16  0.2061134E+11  0.0000000E+00  0.0000000E+00 -0.5329088E+11  0.4185418E+13  0.2685338E+12  0.0000000E+00  0.0000000E+00  0.0000000E+00  0.0000000E+00  0.0000000E+00  0.0000000E+00
  0.5000000E-04 -0.1607459E+09  0.4192433E+10 -0.6733370E+11  0.3317412E+16  0.3607226E+11  0.0000000E+00  0.0000000E+00 -0.7395841E+11  0.6205828E+13  0.4074059E+12  0.0000000E+00  0.0000000E+00  0.0000000E+00  0.0000000E+00  0.0000000E+00  0.0000000E+00
  0.6000000E-04 -0.4508399E+09  0.5838125E+10 -0.9108507E+11  0.4065574E+16  0.5607644E+11  0.0000000E+00  0.0000000E+00 -0.9520528E+11  0.8388000E+13  0.5659411E+12  0.0000000E+00  0.0000000E+00  0.0000000E+00  0.0000000E+00  0.0000000E+00  0.0000000E+00
  0.7000000E-04 -0.7335665E+09  0.8894600E+10 -0.1386554E+12  0.6262863E+16  0.8364391E+11  0.0000000E+00  0.0000000E+00 -0.1470254E+12  0.1272222E+14  0.8096070E+12  0.0000000E+00  0.0000000E+00  0.0000000E+00  0.0000000E+00  0.0000000E+00  0.0000000E+00
  0.8000000E-04 -0.6866742E+09  0.1024627E+11 -0.1631380E+12  0.6417217E+16  0.1150502E+12  0.0000000E+00  0.0000000E+00 -0.1687621E+12  0.1491039E+14  0.9258113E+12  0.0000000E+00  0.0000000E+00  0.0000000E+00  0.0000000E+00  0.0000000E+00  0.0000000E+00
  0.9000000E-04 -0.9972914E+09  0.1166534E+11 -0.1836547E+12  0.6631477E+16  0.1480060E+12  0.0000000E+00  0.0000000E+00 -0.1902901E+12  0.1674124E+14  0.1048521E+13  0.0000000E+00  0.0000000E+00  0.0000000E+00  0.0000000E+00  0.0000000E+00  0.0000000E+00
  0.1000000E-03  0.1255452E+10  0.1519350E+11 -0.1385730E+12  0.7747547E+16  0.1504111E+12  0.0000000E+00  0.0000000E+00 -0.2737568E+12  0.1174208E+14  0.1275488E+13  0.0000000E+00  0.0000000E+00  0.0000000E+00  0.0000000E+00  0.0000000E+00  0.0000000E+00
  0.1100000E-03 -0.7417420E+09  0.1656582E+11 -0.1781726E+12  0.6931706E+16  0.1722978E+12  0.0000000E+00  0.0000000E+00 -0.2833410E+12  0.1522562E+14  0.1388572E+13  0.0000000E+00  0.0000000E+00  0.0000000E+00  0.0000000E+00  0.0000000E+00  0.0000000E+00
  0.1200000E-03 -0.2504207E+10  0.1795435E+11 -0.2034723E+12  0.6678224E+16  0.2014061E+12  0.0000000E+00  0.0000000E+00 -0.2902882E+12  0.1749335E+14  0.1505694E+13  0.0000000E+00  0.0000000E+00  0.0000000E+00  0.0000000E+00  0.0000000E+00  0.0000000E+00
  0.1300000E-03 -0.1308010E+11  0.1201705E+11 -0.3815794E+12  0.2471042E+17  0.2539992E+12  0.0000000E+00  0.0000000E+00 -0.8002352E+11  0.2755175E+14  0.9091527E+12  0.0000000E+00  0.0000000E+00  0.0000000E+00  0.0000000E+00  0.0000000E+00  0.0000000E+00
  0.1400000E-03 -0.1687045E+11  0.1079402E+11 -0.4445418E+12  0.1871861E+17  0.3285934E+12  0.0000000E+00  0.0000000E+00 -0.7154863E+11  0.3209634E+14  0.8103673E+12  0.0000000E+00  0.0000000E+00  0.0000000E+00  0.0000000E+00  0.0000000E+00  0.0000000E+00
  0.1500000E-03 -0.1959501E+11  0.1013472E+11 -0.4642986E+12  0.1543890E+17  0.3995276E+12  0.0000000E+00  0.0000000E+00 -0.7076658E+11  0.3388001E+14  0.7534342E+12  0.0000000E+00  0.0000000E+00  0.0000000E+00  0.0000000E+00  0.0000000E+00  0.0000000E+00
  0.1600000E-03 -0.9109892E+10 -0.2812007E+10 -0.2682709E+12  0.4798658E+17  0.3531515E+12  0.0000000E+00  0.0000000E+00  0.1638453E+12  0.9276861E+13 -0.7603557E+11  0.0000000E+00  0.0000000E+00  0.0000000E+00  0.0000000E+00  0.0000000E+00  0.0000000E+00
  0.1700000E-03 -0.1288290E+11 -0.2573395E+10 -0.4822537E+12  0.3776893E+17  0.4196894E+12  0.0000000E+00  0.0000000E+00  0.1175710E+12  0.1749460E+14 -0.5914691E+11  0.0000000E+00  0.0000000E+00  0.0000000E+00  0.0000000E+00  0.0000000E+00  0.0000000E+00
  0.1800000E-03 -0.1556087E+11 -0.2420121E+10 -0.5905160E+12  0.3170579E+17  0.5202337E+12  0.0000000E+00  0.0000000E+00  0.8737280E+11  0.2261001E+14 -0.4846289E+11  0.0000000E+00  0.0000000E+00  0.0000000E+00  0.0000000E+00  0.0000000E+00  0.0000000E+00
