 EM Railgun example                                                      
                    ls-dyna smp d R13 R13.1.1_27_8731a0 date 07/28/2023
EM Global Energy data
  time,        Ext.JH,     Ext.Mag,    Ext.Cap,    Mesh.JH,    Mesh.Mag,   Air.Mag,    TotEm,      Mech.Pla,   Mech.kin,  
  0.1000000E-05  0.1576799E+11  0.3153598E+12  0.2812496E+18  0.3409532E+16  0.8877284E+10  0.4350132E+11  0.2846595E+18  0.0000000E+00  0.0000000E+00
  0.2000000E-05  0.2523030E+12  0.1157796E+13  0.2812484E+18  0.1012569E+17  0.4323812E+11  0.1597086E+12  0.2913757E+18  0.1682349E+08  0.5130711E+07
  0.3000000E-05  0.2523030E+12  0.1157796E+13  0.2812484E+18  0.1012569E+17  0.4323812E+11  0.1597086E+12  0.2913757E+18  0.1682349E+08  0.5130711E+07
  0.4000000E-05  0.2523030E+12  0.1157796E+13  0.2812484E+18  0.1012569E+17  0.4323812E+11  0.1597086E+12  0.2913757E+18  0.1682349E+08  0.5130711E+07
  0.5000000E-05  0.2523030E+12  0.1157796E+13  0.2812484E+18  0.1012569E+17  0.4323812E+11  0.1597086E+12  0.2913757E+18  0.1682349E+08  0.5130711E+07
  0.6000000E-05  0.2523030E+12  0.1157796E+13  0.2812484E+18  0.1012569E+17  0.4323812E+11  0.1597086E+12  0.2913757E+18  0.1682349E+08  0.5130711E+07
  0.7000000E-05  0.2523030E+12  0.1157796E+13  0.2812484E+18  0.1012569E+17  0.4323812E+11  0.1597086E+12  0.2913757E+18  0.1682349E+08  0.5130711E+07
  0.8000000E-05  0.2523030E+12  0.1157796E+13  0.2812484E+18  0.1012569E+17  0.4323812E+11  0.1597086E+12  0.2913757E+18  0.1682349E+08  0.5130711E+07
  0.9000000E-05  0.2523030E+12  0.1157796E+13  0.2812484E+18  0.1012569E+17  0.4323812E+11  0.1597086E+12  0.2913757E+18  0.1682349E+08  0.5130711E+07
  0.1000000E-04  0.2523030E+12  0.1157796E+13  0.2812484E+18  0.1012569E+17  0.4323812E+11  0.1597086E+12  0.2913757E+18  0.1682349E+08  0.5130711E+07
  0.1100000E-04  0.2523030E+12  0.1157796E+13  0.2812484E+18  0.1012569E+17  0.4323812E+11  0.1597086E+12  0.2913757E+18  0.1682349E+08  0.5130711E+07
  0.1200000E-04  0.5077171E+12  0.2396028E+13  0.2812464E+18  0.1764267E+17  0.1037464E+12  0.3305126E+12  0.2988924E+18  0.2124794E+09  0.1533019E+09
  0.1300000E-04  0.5077171E+12  0.2396028E+13  0.2812464E+18  0.1764267E+17  0.1037464E+12  0.3305126E+12  0.2988924E+18  0.2124794E+09  0.1533019E+09
  0.1400000E-04  0.5077171E+12  0.2396028E+13  0.2812464E+18  0.1764267E+17  0.1037464E+12  0.3305126E+12  0.2988924E+18  0.2124794E+09  0.1533019E+09
  0.1500000E-04  0.5077171E+12  0.2396028E+13  0.2812464E+18  0.1764267E+17  0.1037464E+12  0.3305126E+12  0.2988924E+18  0.2124794E+09  0.1533019E+09
  0.1600000E-04  0.5077171E+12  0.2396028E+13  0.2812464E+18  0.1764267E+17  0.1037464E+12  0.3305126E+12  0.2988924E+18  0.2124794E+09  0.1533019E+09
  0.1700000E-04  0.5077171E+12  0.2396028E+13  0.2812464E+18  0.1764267E+17  0.1037464E+12  0.3305126E+12  0.2988924E+18  0.2124794E+09  0.1533019E+09
  0.1800000E-04  0.5077171E+12  0.2396028E+13  0.2812464E+18  0.1764267E+17  0.1037464E+12  0.3305126E+12  0.2988924E+18  0.2124794E+09  0.1533019E+09
  0.1900000E-04  0.5077171E+12  0.2396028E+13  0.2812464E+18  0.1764267E+17  0.1037464E+12  0.3305126E+12  0.2988924E+18  0.2124794E+09  0.1533019E+09
  0.2000000E-04  0.5077171E+12  0.2396028E+13  0.2812464E+18  0.1764267E+17  0.1037464E+12  0.3305126E+12  0.2988924E+18  0.2124794E+09  0.1533019E+09
  0.2100000E-04  0.5077171E+12  0.2396028E+13  0.2812464E+18  0.1764267E+17  0.1037464E+12  0.3305126E+12  0.2988924E+18  0.2124794E+09  0.1533019E+09
  0.2200000E-04  0.8202708E+12  0.3932008E+13  0.2812437E+18  0.2277234E+17  0.1770092E+12  0.5460957E+12  0.3040215E+18  0.7788232E+09  0.1260198E+10
  0.2300000E-04  0.8202708E+12  0.3932008E+13  0.2812437E+18  0.2277234E+17  0.1770092E+12  0.5460957E+12  0.3040215E+18  0.7788232E+09  0.1260198E+10
  0.2400000E-04  0.8202708E+12  0.3932008E+13  0.2812437E+18  0.2277234E+17  0.1770092E+12  0.5460957E+12  0.3040215E+18  0.7788232E+09  0.1260198E+10
  0.2500000E-04  0.8202708E+12  0.3932008E+13  0.2812437E+18  0.2277234E+17  0.1770092E+12  0.5460957E+12  0.3040215E+18  0.7788232E+09  0.1260198E+10
  0.2600000E-04  0.8202708E+12  0.3932008E+13  0.2812437E+18  0.2277234E+17  0.1770092E+12  0.5460957E+12  0.3040215E+18  0.7788232E+09  0.1260198E+10
  0.2700000E-04  0.8202708E+12  0.3932008E+13  0.2812437E+18  0.2277234E+17  0.1770092E+12  0.5460957E+12  0.3040215E+18  0.7788232E+09  0.1260198E+10
  0.2800000E-04  0.8202708E+12  0.3932008E+13  0.2812437E+18  0.2277234E+17  0.1770092E+12  0.5460957E+12  0.3040215E+18  0.7788232E+09  0.1260198E+10
  0.2900000E-04  0.8202708E+12  0.3932008E+13  0.2812437E+18  0.2277234E+17  0.1770092E+12  0.5460957E+12  0.3040215E+18  0.7788232E+09  0.1260198E+10
  0.3000000E-04  0.8202708E+12  0.3932008E+13  0.2812437E+18  0.2277234E+17  0.1770092E+12  0.5460957E+12  0.3040215E+18  0.7788232E+09  0.1260198E+10
  0.3100000E-04  0.8202708E+12  0.3932008E+13  0.2812437E+18  0.2277234E+17  0.1770092E+12  0.5460957E+12  0.3040215E+18  0.7788232E+09  0.1260198E+10
  0.3200000E-04  0.1173904E+13  0.5674115E+13  0.2812405E+18  0.2798744E+17  0.2650598E+12  0.7880477E+12  0.3092358E+18  0.1612587E+10  0.6448093E+10
  0.3300000E-04  0.1173904E+13  0.5674115E+13  0.2812405E+18  0.2798744E+17  0.2650598E+12  0.7880477E+12  0.3092358E+18  0.1612587E+10  0.6448093E+10
  0.3400000E-04  0.1173904E+13  0.5674115E+13  0.2812405E+18  0.2798744E+17  0.2650598E+12  0.7880477E+12  0.3092358E+18  0.1612587E+10  0.6448093E+10
  0.3500000E-04  0.1173904E+13  0.5674115E+13  0.2812405E+18  0.2798744E+17  0.2650598E+12  0.7880477E+12  0.3092358E+18  0.1612587E+10  0.6448093E+10
  0.3600000E-04  0.1173904E+13  0.5674115E+13  0.2812405E+18  0.2798744E+17  0.2650598E+12  0.7880477E+12  0.3092358E+18  0.1612587E+10  0.6448093E+10
  0.3700000E-04  0.1173904E+13  0.5674115E+13  0.2812405E+18  0.2798744E+17  0.2650598E+12  0.7880477E+12  0.3092358E+18  0.1612587E+10  0.6448093E+10
  0.3800000E-04  0.1173904E+13  0.5674115E+13  0.2812405E+18  0.2798744E+17  0.2650598E+12  0.7880477E+12  0.3092358E+18  0.1612587E+10  0.6448093E+10
  0.3900000E-04  0.1173904E+13  0.5674115E+13  0.2812405E+18  0.2798744E+17  0.2650598E+12  0.7880477E+12  0.3092358E+18  0.1612587E+10  0.6448093E+10
  0.4000000E-04  0.1173904E+13  0.5674115E+13  0.2812405E+18  0.2798744E+17  0.2650598E+12  0.7880477E+12  0.3092358E+18  0.1612587E+10  0.6448093E+10
  0.4100000E-04  0.1173904E+13  0.5674115E+13  0.2812405E+18  0.2798744E+17  0.2650598E+12  0.7880477E+12  0.3092358E+18  0.1612587E+10  0.6448093E+10
  0.4200000E-04  0.1554383E+13  0.7556939E+13  0.2812366E+18  0.3271254E+17  0.3658498E+12  0.1049543E+13  0.3139597E+18  0.2787945E+10  0.2346334E+11
  0.4300000E-04  0.1554383E+13  0.7556939E+13  0.2812366E+18  0.3271254E+17  0.3658498E+12  0.1049543E+13  0.3139597E+18  0.2787945E+10  0.2346334E+11
  0.4400000E-04  0.1554383E+13  0.7556939E+13  0.2812366E+18  0.3271254E+17  0.3658498E+12  0.1049543E+13  0.3139597E+18  0.2787945E+10  0.2346334E+11
  0.4500000E-04  0.1554383E+13  0.7556939E+13  0.2812366E+18  0.3271254E+17  0.3658498E+12  0.1049543E+13  0.3139597E+18  0.2787945E+10  0.2346334E+11
  0.4600000E-04  0.1554383E+13  0.7556939E+13  0.2812366E+18  0.3271254E+17  0.3658498E+12  0.1049543E+13  0.3139597E+18  0.2787945E+10  0.2346334E+11
  0.4700000E-04  0.1554383E+13  0.7556939E+13  0.2812366E+18  0.3271254E+17  0.3658498E+12  0.1049543E+13  0.3139597E+18  0.2787945E+10  0.2346334E+11
  0.4800000E-04  0.1554383E+13  0.7556939E+13  0.2812366E+18  0.3271254E+17  0.3658498E+12  0.1049543E+13  0.3139597E+18  0.2787945E+10  0.2346334E+11
  0.4900000E-04  0.1554383E+13  0.7556939E+13  0.2812366E+18  0.3271254E+17  0.3658498E+12  0.1049543E+13  0.3139597E+18  0.2787945E+10  0.2346334E+11
  0.5000000E-04  0.1554383E+13  0.7556939E+13  0.2812366E+18  0.3271254E+17  0.3658498E+12  0.1049543E+13  0.3139597E+18  0.2787945E+10  0.2346334E+11
  0.5100000E-04  0.1554383E+13  0.7556939E+13  0.2812366E+18  0.3271254E+17  0.3658498E+12  0.1049543E+13  0.3139597E+18  0.2787945E+10  0.2346334E+11
  0.5200000E-04  0.1968657E+13  0.9775465E+13  0.2812322E+18  0.4312080E+17  0.4835472E+12  0.1467295E+13  0.3243667E+18  0.4177497E+10  0.6374857E+11
  0.5300000E-04  0.1968657E+13  0.9775465E+13  0.2812322E+18  0.4312080E+17  0.4835472E+12  0.1467295E+13  0.3243667E+18  0.4177497E+10  0.6374857E+11
  0.5400000E-04  0.1968657E+13  0.9775465E+13  0.2812322E+18  0.4312080E+17  0.4835472E+12  0.1467295E+13  0.3243667E+18  0.4177497E+10  0.6374857E+11
  0.5500000E-04  0.1968657E+13  0.9775465E+13  0.2812322E+18  0.4312080E+17  0.4835472E+12  0.1467295E+13  0.3243667E+18  0.4177497E+10  0.6374857E+11
  0.5600000E-04  0.1968657E+13  0.9775465E+13  0.2812322E+18  0.4312080E+17  0.4835472E+12  0.1467295E+13  0.3243667E+18  0.4177497E+10  0.6374857E+11
  0.5700000E-04  0.1968657E+13  0.9775465E+13  0.2812322E+18  0.4312080E+17  0.4835472E+12  0.1467295E+13  0.3243667E+18  0.4177497E+10  0.6374857E+11
  0.5800000E-04  0.1968657E+13  0.9775465E+13  0.2812322E+18  0.4312080E+17  0.4835472E+12  0.1467295E+13  0.3243667E+18  0.4177497E+10  0.6374857E+11
  0.5900000E-04  0.1968657E+13  0.9775465E+13  0.2812322E+18  0.4312080E+17  0.4835472E+12  0.1467295E+13  0.3243667E+18  0.4177497E+10  0.6374857E+11
  0.6000000E-04  0.1968657E+13  0.9775465E+13  0.2812322E+18  0.4312080E+17  0.4835472E+12  0.1467295E+13  0.3243667E+18  0.4177497E+10  0.6374857E+11
  0.6100000E-04  0.1968657E+13  0.9775465E+13  0.2812322E+18  0.4312080E+17  0.4835472E+12  0.1467295E+13  0.3243667E+18  0.4177497E+10  0.6374857E+11
  0.6200000E-04  0.2395191E+13  0.1176615E+14  0.2812273E+18  0.4125652E+17  0.6223550E+12  0.1766097E+13  0.3225004E+18  0.5086224E+10  0.1372232E+12
  0.6300000E-04  0.2395191E+13  0.1176615E+14  0.2812273E+18  0.4125652E+17  0.6223550E+12  0.1766097E+13  0.3225004E+18  0.5086224E+10  0.1372232E+12
  0.6400000E-04  0.2395191E+13  0.1176615E+14  0.2812273E+18  0.4125652E+17  0.6223550E+12  0.1766097E+13  0.3225004E+18  0.5086224E+10  0.1372232E+12
  0.6500000E-04  0.2395191E+13  0.1176615E+14  0.2812273E+18  0.4125652E+17  0.6223550E+12  0.1766097E+13  0.3225004E+18  0.5086224E+10  0.1372232E+12
  0.6600000E-04  0.2395191E+13  0.1176615E+14  0.2812273E+18  0.4125652E+17  0.6223550E+12  0.1766097E+13  0.3225004E+18  0.5086224E+10  0.1372232E+12
  0.6700000E-04  0.2395191E+13  0.1176615E+14  0.2812273E+18  0.4125652E+17  0.6223550E+12  0.1766097E+13  0.3225004E+18  0.5086224E+10  0.1372232E+12
  0.6800000E-04  0.2395191E+13  0.1176615E+14  0.2812273E+18  0.4125652E+17  0.6223550E+12  0.1766097E+13  0.3225004E+18  0.5086224E+10  0.1372232E+12
  0.6900000E-04  0.2395191E+13  0.1176615E+14  0.2812273E+18  0.4125652E+17  0.6223550E+12  0.1766097E+13  0.3225004E+18  0.5086224E+10  0.1372232E+12
  0.7000000E-04  0.2395191E+13  0.1176615E+14  0.2812273E+18  0.4125652E+17  0.6223550E+12  0.1766097E+13  0.3225004E+18  0.5086224E+10  0.1372232E+12
  0.7100000E-04  0.2395191E+13  0.1176615E+14  0.2812273E+18  0.4125652E+17  0.6223550E+12  0.1766097E+13  0.3225004E+18  0.5086224E+10  0.1372232E+12
  0.7200000E-04  0.2796015E+13  0.1377327E+14  0.2812219E+18  0.4185699E+17  0.7506212E+12  0.2067364E+13  0.3230983E+18  0.6214202E+10  0.2493574E+12
  0.7300000E-04  0.2796015E+13  0.1377327E+14  0.2812219E+18  0.4185699E+17  0.7506212E+12  0.2067364E+13  0.3230983E+18  0.6214202E+10  0.2493574E+12
  0.7400000E-04  0.2796015E+13  0.1377327E+14  0.2812219E+18  0.4185699E+17  0.7506212E+12  0.2067364E+13  0.3230983E+18  0.6214202E+10  0.2493574E+12
  0.7500000E-04  0.2796015E+13  0.1377327E+14  0.2812219E+18  0.4185699E+17  0.7506212E+12  0.2067364E+13  0.3230983E+18  0.6214202E+10  0.2493574E+12
  0.7600000E-04  0.2796015E+13  0.1377327E+14  0.2812219E+18  0.4185699E+17  0.7506212E+12  0.2067364E+13  0.3230983E+18  0.6214202E+10  0.2493574E+12
  0.7700000E-04  0.2796015E+13  0.1377327E+14  0.2812219E+18  0.4185699E+17  0.7506212E+12  0.2067364E+13  0.3230983E+18  0.6214202E+10  0.2493574E+12
  0.7800000E-04  0.2796015E+13  0.1377327E+14  0.2812219E+18  0.4185699E+17  0.7506212E+12  0.2067364E+13  0.3230983E+18  0.6214202E+10  0.2493574E+12
  0.7900000E-04  0.2796015E+13  0.1377327E+14  0.2812219E+18  0.4185699E+17  0.7506212E+12  0.2067364E+13  0.3230983E+18  0.6214202E+10  0.2493574E+12
  0.8000000E-04  0.2796015E+13  0.1377327E+14  0.2812219E+18  0.4185699E+17  0.7506212E+12  0.2067364E+13  0.3230983E+18  0.6214202E+10  0.2493574E+12
  0.8100000E-04  0.2796015E+13  0.1377327E+14  0.2812219E+18  0.4185699E+17  0.7506212E+12  0.2067364E+13  0.3230983E+18  0.6214202E+10  0.2493574E+12
  0.8200000E-04  0.3518131E+13  0.1942305E+14  0.2812158E+18  0.8815007E+17  0.9941692E+12  0.3682384E+13  0.3693935E+18  0.7528676E+10  0.4117830E+12
  0.8300000E-04  0.3518131E+13  0.1942305E+14  0.2812158E+18  0.8815007E+17  0.9941692E+12  0.3682384E+13  0.3693935E+18  0.7528676E+10  0.4117830E+12
  0.8400000E-04  0.3518131E+13  0.1942305E+14  0.2812158E+18  0.8815007E+17  0.9941692E+12  0.3682384E+13  0.3693935E+18  0.7528676E+10  0.4117830E+12
  0.8500000E-04  0.3518131E+13  0.1942305E+14  0.2812158E+18  0.8815007E+17  0.9941692E+12  0.3682384E+13  0.3693935E+18  0.7528676E+10  0.4117830E+12
  0.8600000E-04  0.3518131E+13  0.1942305E+14  0.2812158E+18  0.8815007E+17  0.9941692E+12  0.3682384E+13  0.3693935E+18  0.7528676E+10  0.4117830E+12
  0.8700000E-04  0.3518131E+13  0.1942305E+14  0.2812158E+18  0.8815007E+17  0.9941692E+12  0.3682384E+13  0.3693935E+18  0.7528676E+10  0.4117830E+12
  0.8800000E-04  0.3518131E+13  0.1942305E+14  0.2812158E+18  0.8815007E+17  0.9941692E+12  0.3682384E+13  0.3693935E+18  0.7528676E+10  0.4117830E+12
  0.8900000E-04  0.3518131E+13  0.1942305E+14  0.2812158E+18  0.8815007E+17  0.9941692E+12  0.3682384E+13  0.3693935E+18  0.7528676E+10  0.4117830E+12
  0.9000000E-04  0.3518131E+13  0.1942305E+14  0.2812158E+18  0.8815007E+17  0.9941692E+12  0.3682384E+13  0.3693935E+18  0.7528676E+10  0.4117830E+12
  0.9100000E-04  0.3518131E+13  0.1942305E+14  0.2812158E+18  0.8815007E+17  0.9941692E+12  0.3682384E+13  0.3693935E+18  0.7528676E+10  0.4117830E+12
  0.9200000E-04  0.4240623E+13  0.2115987E+14  0.2812091E+18  0.7467324E+17  0.1218725E+13  0.4011664E+13  0.3559130E+18  0.4020334E+11  0.9435746E+12
  0.9300000E-04  0.4240623E+13  0.2115987E+14  0.2812091E+18  0.7467324E+17  0.1218725E+13  0.4011664E+13  0.3559130E+18  0.4020334E+11  0.9435746E+12
  0.9400000E-04  0.4240623E+13  0.2115987E+14  0.2812091E+18  0.7467324E+17  0.1218725E+13  0.4011664E+13  0.3559130E+18  0.4020334E+11  0.9435746E+12
  0.9500000E-04  0.4240623E+13  0.2115987E+14  0.2812091E+18  0.7467324E+17  0.1218725E+13  0.4011664E+13  0.3559130E+18  0.4020334E+11  0.9435746E+12
  0.9600000E-04  0.4240623E+13  0.2115987E+14  0.2812091E+18  0.7467324E+17  0.1218725E+13  0.4011664E+13  0.3559130E+18  0.4020334E+11  0.9435746E+12
  0.9700000E-04  0.4240623E+13  0.2115987E+14  0.2812091E+18  0.7467324E+17  0.1218725E+13  0.4011664E+13  0.3559130E+18  0.4020334E+11  0.9435746E+12
  0.9800000E-04  0.4240623E+13  0.2115987E+14  0.2812091E+18  0.7467324E+17  0.1218725E+13  0.4011664E+13  0.3559130E+18  0.4020334E+11  0.9435746E+12
  0.9900000E-04  0.4240623E+13  0.2115987E+14  0.2812091E+18  0.7467324E+17  0.1218725E+13  0.4011664E+13  0.3559130E+18  0.4020334E+11  0.9435746E+12
  0.1000000E-03  0.4240623E+13  0.2115987E+14  0.2812091E+18  0.7467324E+17  0.1218725E+13  0.4011664E+13  0.3559130E+18  0.4020334E+11  0.9435746E+12
  0.1010000E-03  0.4240623E+13  0.2115987E+14  0.2812091E+18  0.7467324E+17  0.1218725E+13  0.4011664E+13  0.3559130E+18  0.4020334E+11  0.9435746E+12
  0.1020000E-03  0.4570716E+13  0.2282563E+14  0.2812021E+18  0.6778429E+17  0.1379713E+13  0.4327473E+13  0.3490195E+18  0.4223403E+11  0.2212136E+13
  0.1030000E-03  0.4570716E+13  0.2282563E+14  0.2812021E+18  0.6778429E+17  0.1379713E+13  0.4327473E+13  0.3490195E+18  0.4223403E+11  0.2212136E+13
  0.1040000E-03  0.4570716E+13  0.2282563E+14  0.2812021E+18  0.6778429E+17  0.1379713E+13  0.4327473E+13  0.3490195E+18  0.4223403E+11  0.2212136E+13
  0.1050000E-03  0.4570716E+13  0.2282563E+14  0.2812021E+18  0.6778429E+17  0.1379713E+13  0.4327473E+13  0.3490195E+18  0.4223403E+11  0.2212136E+13
  0.1060000E-03  0.4570716E+13  0.2282563E+14  0.2812021E+18  0.6778429E+17  0.1379713E+13  0.4327473E+13  0.3490195E+18  0.4223403E+11  0.2212136E+13
  0.1070000E-03  0.4570716E+13  0.2282563E+14  0.2812021E+18  0.6778429E+17  0.1379713E+13  0.4327473E+13  0.3490195E+18  0.4223403E+11  0.2212136E+13
  0.1080000E-03  0.4570716E+13  0.2282563E+14  0.2812021E+18  0.6778429E+17  0.1379713E+13  0.4327473E+13  0.3490195E+18  0.4223403E+11  0.2212136E+13
  0.1090000E-03  0.4570716E+13  0.2282563E+14  0.2812021E+18  0.6778429E+17  0.1379713E+13  0.4327473E+13  0.3490195E+18  0.4223403E+11  0.2212136E+13
  0.1100000E-03  0.4570716E+13  0.2282563E+14  0.2812021E+18  0.6778429E+17  0.1379713E+13  0.4327473E+13  0.3490195E+18  0.4223403E+11  0.2212136E+13
  0.1110000E-03  0.4570716E+13  0.2282563E+14  0.2812021E+18  0.6778429E+17  0.1379713E+13  0.4327473E+13  0.3490195E+18  0.4223403E+11  0.2212136E+13
  0.1120000E-03  0.5230552E+13  0.2910751E+14  0.2811944E+18  0.2625437E+18  0.2438162E+13  0.8875929E+13  0.5437837E+18  0.4256869E+11  0.4028986E+13
  0.1130000E-03  0.5230552E+13  0.2910751E+14  0.2811944E+18  0.2625437E+18  0.2438162E+13  0.8875929E+13  0.5437837E+18  0.4256869E+11  0.4028986E+13
  0.1140000E-03  0.5230552E+13  0.2910751E+14  0.2811944E+18  0.2625437E+18  0.2438162E+13  0.8875929E+13  0.5437837E+18  0.4256869E+11  0.4028986E+13
  0.1150000E-03  0.5230552E+13  0.2910751E+14  0.2811944E+18  0.2625437E+18  0.2438162E+13  0.8875929E+13  0.5437837E+18  0.4256869E+11  0.4028986E+13
  0.1160000E-03  0.5230552E+13  0.2910751E+14  0.2811944E+18  0.2625437E+18  0.2438162E+13  0.8875929E+13  0.5437837E+18  0.4256869E+11  0.4028986E+13
  0.1170000E-03  0.5230552E+13  0.2910751E+14  0.2811944E+18  0.2625437E+18  0.2438162E+13  0.8875929E+13  0.5437837E+18  0.4256869E+11  0.4028986E+13
  0.1180000E-03  0.5230552E+13  0.2910751E+14  0.2811944E+18  0.2625437E+18  0.2438162E+13  0.8875929E+13  0.5437837E+18  0.4256869E+11  0.4028986E+13
  0.1190000E-03  0.5230552E+13  0.2910751E+14  0.2811944E+18  0.2625437E+18  0.2438162E+13  0.8875929E+13  0.5437837E+18  0.4256869E+11  0.4028986E+13
  0.1200000E-03  0.5230552E+13  0.2910751E+14  0.2811944E+18  0.2625437E+18  0.2438162E+13  0.8875929E+13  0.5437837E+18  0.4256869E+11  0.4028986E+13
  0.1210000E-03  0.5230552E+13  0.2910751E+14  0.2811944E+18  0.2625437E+18  0.2438162E+13  0.8875929E+13  0.5437837E+18  0.4256869E+11  0.4028986E+13
  0.1220000E-03  0.5892716E+13  0.2995252E+14  0.2811863E+18  0.2083726E+18  0.3059183E+13  0.9133604E+13  0.4896069E+18  0.4554880E+12  0.9977497E+13
  0.1230000E-03  0.5892716E+13  0.2995252E+14  0.2811863E+18  0.2083726E+18  0.3059183E+13  0.9133604E+13  0.4896069E+18  0.4554880E+12  0.9977497E+13
  0.1240000E-03  0.5892716E+13  0.2995252E+14  0.2811863E+18  0.2083726E+18  0.3059183E+13  0.9133604E+13  0.4896069E+18  0.4554880E+12  0.9977497E+13
  0.1250000E-03  0.5892716E+13  0.2995252E+14  0.2811863E+18  0.2083726E+18  0.3059183E+13  0.9133604E+13  0.4896069E+18  0.4554880E+12  0.9977497E+13
  0.1260000E-03  0.5892716E+13  0.2995252E+14  0.2811863E+18  0.2083726E+18  0.3059183E+13  0.9133604E+13  0.4896069E+18  0.4554880E+12  0.9977497E+13
  0.1270000E-03  0.5892716E+13  0.2995252E+14  0.2811863E+18  0.2083726E+18  0.3059183E+13  0.9133604E+13  0.4896069E+18  0.4554880E+12  0.9977497E+13
  0.1280000E-03  0.5892716E+13  0.2995252E+14  0.2811863E+18  0.2083726E+18  0.3059183E+13  0.9133604E+13  0.4896069E+18  0.4554880E+12  0.9977497E+13
  0.1290000E-03  0.5892716E+13  0.2995252E+14  0.2811863E+18  0.2083726E+18  0.3059183E+13  0.9133604E+13  0.4896069E+18  0.4554880E+12  0.9977497E+13
  0.1300000E-03  0.5892716E+13  0.2995252E+14  0.2811863E+18  0.2083726E+18  0.3059183E+13  0.9133604E+13  0.4896069E+18  0.4554880E+12  0.9977497E+13
  0.1310000E-03  0.5892716E+13  0.2995252E+14  0.2811863E+18  0.2083726E+18  0.3059183E+13  0.9133604E+13  0.4896069E+18  0.4554880E+12  0.9977497E+13
  0.1320000E-03  0.6060184E+13  0.3087783E+14  0.2811780E+18  0.1769626E+18  0.3444972E+13  0.9415761E+13  0.4581905E+18  0.3854989E+12  0.2443704E+14
  0.1330000E-03  0.6060184E+13  0.3087783E+14  0.2811780E+18  0.1769626E+18  0.3444972E+13  0.9415761E+13  0.4581905E+18  0.3854989E+12  0.2443704E+14
  0.1340000E-03  0.6060184E+13  0.3087783E+14  0.2811780E+18  0.1769626E+18  0.3444972E+13  0.9415761E+13  0.4581905E+18  0.3854989E+12  0.2443704E+14
  0.1350000E-03  0.6060184E+13  0.3087783E+14  0.2811780E+18  0.1769626E+18  0.3444972E+13  0.9415761E+13  0.4581905E+18  0.3854989E+12  0.2443704E+14
  0.1360000E-03  0.6060184E+13  0.3087783E+14  0.2811780E+18  0.1769626E+18  0.3444972E+13  0.9415761E+13  0.4581905E+18  0.3854989E+12  0.2443704E+14
  0.1370000E-03  0.6060184E+13  0.3087783E+14  0.2811780E+18  0.1769626E+18  0.3444972E+13  0.9415761E+13  0.4581905E+18  0.3854989E+12  0.2443704E+14
  0.1380000E-03  0.6060184E+13  0.3087783E+14  0.2811780E+18  0.1769626E+18  0.3444972E+13  0.9415761E+13  0.4581905E+18  0.3854989E+12  0.2443704E+14
  0.1390000E-03  0.6060184E+13  0.3087783E+14  0.2811780E+18  0.1769626E+18  0.3444972E+13  0.9415761E+13  0.4581905E+18  0.3854989E+12  0.2443704E+14
  0.1400000E-03  0.6060184E+13  0.3087783E+14  0.2811780E+18  0.1769626E+18  0.3444972E+13  0.9415761E+13  0.4581905E+18  0.3854989E+12  0.2443704E+14
  0.1410000E-03  0.6060184E+13  0.3087783E+14  0.2811780E+18  0.1769626E+18  0.3444972E+13  0.9415761E+13  0.4581905E+18  0.3854989E+12  0.2443704E+14
  0.1420000E-03  0.4783895E+13  0.2079363E+14  0.2811704E+18  0.2658064E+18  0.3753536E+13  0.1448235E+14  0.5470206E+18  0.3664278E+12  0.4405976E+14
  0.1430000E-03  0.4783895E+13  0.2079363E+14  0.2811704E+18  0.2658064E+18  0.3753536E+13  0.1448235E+14  0.5470206E+18  0.3664278E+12  0.4405976E+14
  0.1440000E-03  0.4783895E+13  0.2079363E+14  0.2811704E+18  0.2658064E+18  0.3753536E+13  0.1448235E+14  0.5470206E+18  0.3664278E+12  0.4405976E+14
  0.1450000E-03  0.4783895E+13  0.2079363E+14  0.2811704E+18  0.2658064E+18  0.3753536E+13  0.1448235E+14  0.5470206E+18  0.3664278E+12  0.4405976E+14
  0.1460000E-03  0.4783895E+13  0.2079363E+14  0.2811704E+18  0.2658064E+18  0.3753536E+13  0.1448235E+14  0.5470206E+18  0.3664278E+12  0.4405976E+14
  0.1470000E-03  0.4783895E+13  0.2079363E+14  0.2811704E+18  0.2658064E+18  0.3753536E+13  0.1448235E+14  0.5470206E+18  0.3664278E+12  0.4405976E+14
  0.1480000E-03  0.4783895E+13  0.2079363E+14  0.2811704E+18  0.2658064E+18  0.3753536E+13  0.1448235E+14  0.5470206E+18  0.3664278E+12  0.4405976E+14
  0.1490000E-03  0.4783895E+13  0.2079363E+14  0.2811704E+18  0.2658064E+18  0.3753536E+13  0.1448235E+14  0.5470206E+18  0.3664278E+12  0.4405976E+14
  0.1500000E-03  0.4783895E+13  0.2079363E+14  0.2811704E+18  0.2658064E+18  0.3753536E+13  0.1448235E+14  0.5470206E+18  0.3664278E+12  0.4405976E+14
  0.1510000E-03  0.4783895E+13  0.2079363E+14  0.2811704E+18  0.2658064E+18  0.3753536E+13  0.1448235E+14  0.5470206E+18  0.3664278E+12  0.4405976E+14
  0.1520000E-03  0.4055834E+13  0.2155118E+14  0.2811635E+18  0.2220896E+18  0.4040883E+13  0.1500998E+14  0.5032978E+18  0.5065105E+12  0.7059198E+14
  0.1530000E-03  0.4055834E+13  0.2155118E+14  0.2811635E+18  0.2220896E+18  0.4040883E+13  0.1500998E+14  0.5032978E+18  0.5065105E+12  0.7059198E+14
  0.1540000E-03  0.4055834E+13  0.2155118E+14  0.2811635E+18  0.2220896E+18  0.4040883E+13  0.1500998E+14  0.5032978E+18  0.5065105E+12  0.7059198E+14
  0.1550000E-03  0.4055834E+13  0.2155118E+14  0.2811635E+18  0.2220896E+18  0.4040883E+13  0.1500998E+14  0.5032978E+18  0.5065105E+12  0.7059198E+14
  0.1560000E-03  0.4055834E+13  0.2155118E+14  0.2811635E+18  0.2220896E+18  0.4040883E+13  0.1500998E+14  0.5032978E+18  0.5065105E+12  0.7059198E+14
  0.1570000E-03  0.4055834E+13  0.2155118E+14  0.2811635E+18  0.2220896E+18  0.4040883E+13  0.1500998E+14  0.5032978E+18  0.5065105E+12  0.7059198E+14
  0.1580000E-03  0.4055834E+13  0.2155118E+14  0.2811635E+18  0.2220896E+18  0.4040883E+13  0.1500998E+14  0.5032978E+18  0.5065105E+12  0.7059198E+14
  0.1590000E-03  0.4055834E+13  0.2155118E+14  0.2811635E+18  0.2220896E+18  0.4040883E+13  0.1500998E+14  0.5032978E+18  0.5065105E+12  0.7059198E+14
  0.1600000E-03  0.4055834E+13  0.2155118E+14  0.2811635E+18  0.2220896E+18  0.4040883E+13  0.1500998E+14  0.5032978E+18  0.5065105E+12  0.7059198E+14
  0.1610000E-03  0.4055834E+13  0.2155118E+14  0.2811635E+18  0.2220896E+18  0.4040883E+13  0.1500998E+14  0.5032978E+18  0.5065105E+12  0.7059198E+14
  0.1620000E-03  0.4199084E+13  0.2236530E+14  0.2811565E+18  0.1921372E+18  0.4281658E+13  0.1557699E+14  0.4733402E+18  0.4146919E+12  0.1054544E+15
  0.1630000E-03  0.4199084E+13  0.2236530E+14  0.2811565E+18  0.1921372E+18  0.4281658E+13  0.1557699E+14  0.4733402E+18  0.4146919E+12  0.1054544E+15
  0.1640000E-03  0.4199084E+13  0.2236530E+14  0.2811565E+18  0.1921372E+18  0.4281658E+13  0.1557699E+14  0.4733402E+18  0.4146919E+12  0.1054544E+15
  0.1650000E-03  0.4199084E+13  0.2236530E+14  0.2811565E+18  0.1921372E+18  0.4281658E+13  0.1557699E+14  0.4733402E+18  0.4146919E+12  0.1054544E+15
  0.1660000E-03  0.4199084E+13  0.2236530E+14  0.2811565E+18  0.1921372E+18  0.4281658E+13  0.1557699E+14  0.4733402E+18  0.4146919E+12  0.1054544E+15
  0.1670000E-03  0.4199084E+13  0.2236530E+14  0.2811565E+18  0.1921372E+18  0.4281658E+13  0.1557699E+14  0.4733402E+18  0.4146919E+12  0.1054544E+15
  0.1680000E-03  0.4199084E+13  0.2236530E+14  0.2811565E+18  0.1921372E+18  0.4281658E+13  0.1557699E+14  0.4733402E+18  0.4146919E+12  0.1054544E+15
  0.1690000E-03  0.4199084E+13  0.2236530E+14  0.2811565E+18  0.1921372E+18  0.4281658E+13  0.1557699E+14  0.4733402E+18  0.4146919E+12  0.1054544E+15
  0.1700000E-03  0.4199084E+13  0.2236530E+14  0.2811565E+18  0.1921372E+18  0.4281658E+13  0.1557699E+14  0.4733402E+18  0.4146919E+12  0.1054544E+15
  0.1710000E-03  0.4199084E+13  0.2236530E+14  0.2811565E+18  0.1921372E+18  0.4281658E+13  0.1557699E+14  0.4733402E+18  0.4146919E+12  0.1054544E+15
