 EM Railgun example                                                      
                    ls-dyna smp d R13 R13.1.1_27_8731a0 date 07/28/2023
EM Part data
  time,        LorFor-x,   LorFor-y,   LorFor-z,   JHEnergy,   MagEnergy,  KinEnergy,  PlasEnergy, LorTor-x,   LorTor-y,   LorTor-z,   SurFor-x,   SurFor-y,   SurFor-z,   SurTor-x,   SurTor-y,   SurTor-z,  
  0.1000000E-04  0.1349540E+08  0.1281761E+09 -0.2542000E+10  0.2942180E+15  0.4806986E+09  0.0000000E+00  0.0000000E+00 -0.3247172E+10  0.2329949E+12  0.1244847E+11  0.0000000E+00  0.0000000E+00  0.0000000E+00  0.0000000E+00  0.0000000E+00  0.0000000E+00
  0.2000000E-04  0.4004721E+08  0.6402449E+09 -0.1156823E+11  0.9466339E+15  0.3218808E+10  0.0000000E+00  0.0000000E+00 -0.1477182E+11  0.1060058E+13  0.6199143E+11  0.0000000E+00  0.0000000E+00  0.0000000E+00  0.0000000E+00  0.0000000E+00  0.0000000E+00
  0.3000000E-04  0.5013465E+08  0.1611602E+10 -0.2679916E+11  0.1742134E+16  0.9764723E+10  0.0000000E+00  0.0000000E+00 -0.3413703E+11  0.2454890E+13  0.1556609E+12  0.0000000E+00  0.0000000E+00  0.0000000E+00  0.0000000E+00  0.0000000E+00  0.0000000E+00
  0.4000000E-04 -0.3726526E+07  0.2762716E+10 -0.4545389E+11  0.2527360E+16  0.2061134E+11  0.0000000E+00  0.0000000E+00 -0.5329088E+11  0.4185418E+13  0.2685338E+12  0.0000000E+00  0.0000000E+00  0.0000000E+00  0.0000000E+00  0.0000000E+00  0.0000000E+00
  0.5000000E-04 -0.1607459E+09  0.4192433E+10 -0.6733370E+11  0.3317412E+16  0.3607226E+11  0.0000000E+00  0.0000000E+00 -0.7395841E+11  0.6205828E+13  0.4074059E+12  0.0000000E+00  0.0000000E+00  0.0000000E+00  0.0000000E+00  0.0000000E+00  0.0000000E+00
  0.6000000E-04 -0.4508399E+09  0.5838125E+10 -0.9108507E+11  0.4065574E+16  0.5607644E+11  0.0000000E+00  0.0000000E+00 -0.9520528E+11  0.8388000E+13  0.5659411E+12  0.0000000E+00  0.0000000E+00  0.0000000E+00  0.0000000E+00  0.0000000E+00  0.0000000E+00
  0.7000000E-04 -0.6855533E+09  0.9244581E+10 -0.1387947E+12  0.6287681E+16  0.8369892E+11  0.0000000E+00  0.0000000E+00 -0.1574156E+12  0.1273754E+14  0.8416176E+12  0.0000000E+00  0.0000000E+00  0.0000000E+00  0.0000000E+00  0.0000000E+00  0.0000000E+00
  0.8000000E-04 -0.6053337E+09  0.1112596E+11 -0.1634127E+12  0.6459359E+16  0.1151789E+12  0.0000000E+00  0.0000000E+00 -0.1910498E+12  0.1494255E+14  0.1004447E+13  0.0000000E+00  0.0000000E+00  0.0000000E+00  0.0000000E+00  0.0000000E+00  0.0000000E+00
  0.9000000E-04 -0.8985037E+09  0.1311257E+11 -0.1840277E+12  0.6684657E+16  0.1482157E+12  0.0000000E+00  0.0000000E+00 -0.2235729E+12  0.1678715E+14  0.1176480E+13  0.0000000E+00  0.0000000E+00  0.0000000E+00  0.0000000E+00  0.0000000E+00  0.0000000E+00
  0.1000000E-03  0.9883895E+09  0.1597079E+11 -0.1387956E+12  0.7707767E+16  0.1508138E+12  0.0000000E+00  0.0000000E+00 -0.2882753E+12  0.1175932E+14  0.1326870E+13  0.0000000E+00  0.0000000E+00  0.0000000E+00  0.0000000E+00  0.0000000E+00  0.0000000E+00
  0.1100000E-03 -0.1182145E+10  0.1751485E+11 -0.1775870E+12  0.6880406E+16  0.1725713E+12  0.0000000E+00  0.0000000E+00 -0.3028973E+12  0.1518563E+14  0.1454069E+13  0.0000000E+00  0.0000000E+00  0.0000000E+00  0.0000000E+00  0.0000000E+00  0.0000000E+00
  0.1200000E-03 -0.3134526E+10  0.1905646E+11 -0.2021829E+12  0.6611760E+16  0.2013932E+12  0.0000000E+00  0.0000000E+00 -0.3130946E+12  0.1740283E+14  0.1583105E+13  0.0000000E+00  0.0000000E+00  0.0000000E+00  0.0000000E+00  0.0000000E+00  0.0000000E+00
  0.1300000E-03 -0.1406896E+11  0.1421584E+11 -0.3828024E+12  0.2484670E+17  0.2542363E+12  0.0000000E+00  0.0000000E+00 -0.1142699E+12  0.2766275E+14  0.1054944E+13  0.0000000E+00  0.0000000E+00  0.0000000E+00  0.0000000E+00  0.0000000E+00  0.0000000E+00
  0.1400000E-03 -0.1774773E+11  0.1296298E+11 -0.4464864E+12  0.1878030E+17  0.3295819E+12  0.0000000E+00  0.0000000E+00 -0.9828067E+11  0.3224547E+14  0.9550763E+12  0.0000000E+00  0.0000000E+00  0.0000000E+00  0.0000000E+00  0.0000000E+00  0.0000000E+00
  0.1500000E-03 -0.2042210E+11  0.1236810E+11 -0.4661509E+12  0.1545643E+17  0.4011314E+12  0.0000000E+00  0.0000000E+00 -0.9488526E+11  0.3402123E+14  0.9038118E+12  0.0000000E+00  0.0000000E+00  0.0000000E+00  0.0000000E+00  0.0000000E+00  0.0000000E+00
  0.1600000E-03 -0.8964176E+10 -0.3334486E+10 -0.2680032E+12  0.4810741E+17  0.3535100E+12  0.0000000E+00  0.0000000E+00  0.1937482E+12  0.9239727E+13 -0.7722326E+11  0.0000000E+00  0.0000000E+00  0.0000000E+00  0.0000000E+00  0.0000000E+00  0.0000000E+00
  0.1700000E-03 -0.1249286E+11 -0.3042566E+10 -0.4829628E+12  0.3786548E+17  0.4196646E+12  0.0000000E+00  0.0000000E+00  0.1429443E+12  0.1750585E+14 -0.5839723E+11  0.0000000E+00  0.0000000E+00  0.0000000E+00  0.0000000E+00  0.0000000E+00  0.0000000E+00
  0.1800000E-03 -0.1499723E+11 -0.2788575E+10 -0.5918718E+12  0.3178812E+17  0.5202294E+12  0.0000000E+00  0.0000000E+00  0.1084782E+12  0.2264714E+14 -0.4624223E+11  0.0000000E+00  0.0000000E+00  0.0000000E+00  0.0000000E+00  0.0000000E+00  0.0000000E+00
