 EM Railgun example                                                      
                    ls-dyna smp d R13 R13.1.1_27_8731a0 date 07/28/2023
EM Part data
  time,        LorFor-x,   LorFor-y,   LorFor-z,   JHEnergy,   MagEnergy,  KinEnergy,  PlasEnergy, LorTor-x,   LorTor-y,   LorTor-z,   SurFor-x,   SurFor-y,   SurFor-z,   SurTor-x,   SurTor-y,   SurTor-z,  
  0.1000000E-04  0.8097291E+08  0.1475420E+09  0.2891148E+08  0.1125962E+15  0.3155254E+09  0.0000000E+00  0.0000000E+00  0.1233076E+09 -0.1850582E+09  0.1959518E+10  0.0000000E+00  0.0000000E+00  0.0000000E+00  0.0000000E+00  0.0000000E+00  0.0000000E+00
  0.2000000E-04  0.2787652E+09  0.5099106E+09  0.1095302E+09  0.3283572E+15  0.1464411E+10  0.8210165E+04  0.2691234E+05  0.3373278E+09 -0.5984405E+09  0.6814346E+10  0.0000000E+00  0.0000000E+00  0.0000000E+00  0.0000000E+00  0.0000000E+00  0.0000000E+00
  0.3000000E-04  0.5458694E+09  0.9264092E+09  0.2133986E+09  0.5635714E+15  0.3343740E+10  0.2453188E+06  0.3400725E+06  0.3817828E+09 -0.9926402E+09  0.1244328E+11  0.0000000E+00  0.0000000E+00  0.0000000E+00  0.0000000E+00  0.0000000E+00  0.0000000E+00
  0.4000000E-04  0.8803732E+09  0.1212000E+10  0.2586244E+09  0.7398523E+15  0.5541451E+10  0.2017114E+07  0.1249507E+07 -0.2780946E+10 -0.5578527E+09  0.1126409E+11  0.0000000E+00  0.0000000E+00  0.0000000E+00  0.0000000E+00  0.0000000E+00  0.0000000E+00
  0.5000000E-04  0.1246887E+10  0.1306747E+10  0.2909561E+09  0.9096861E+15  0.7991970E+10  0.9166938E+07  0.2610675E+07 -0.6176647E+10  0.7912923E+08  0.9293779E+10  0.0000000E+00  0.0000000E+00  0.0000000E+00  0.0000000E+00  0.0000000E+00  0.0000000E+00
  0.6000000E-04  0.1639609E+10  0.1258723E+10  0.3143921E+09  0.1058298E+16  0.1058749E+11  0.2933269E+08  0.4487751E+07 -0.9479088E+10  0.7572555E+09  0.6976038E+10  0.0000000E+00  0.0000000E+00  0.0000000E+00  0.0000000E+00  0.0000000E+00  0.0000000E+00
  0.7000000E-04  0.2125820E+10  0.9444288E+09  0.3350567E+09  0.1137695E+16  0.1306172E+11  0.7518751E+08  0.6753191E+07 -0.5693024E+10  0.1473596E+10  0.1326443E+10  0.0000000E+00  0.0000000E+00  0.0000000E+00  0.0000000E+00  0.0000000E+00  0.0000000E+00
  0.8000000E-04  0.2558501E+10  0.6518113E+09  0.3172079E+09  0.1208930E+16  0.1548585E+11  0.1669149E+09  0.8954098E+07 -0.2653065E+10  0.2200902E+10 -0.3912587E+10  0.0000000E+00  0.0000000E+00  0.0000000E+00  0.0000000E+00  0.0000000E+00  0.0000000E+00
  0.9000000E-04  0.2962700E+10  0.4012732E+09  0.2674355E+09  0.1266414E+16  0.1786510E+11  0.3306296E+09  0.1130182E+08 -0.4195027E+09  0.2956944E+10 -0.8334584E+10  0.0000000E+00  0.0000000E+00  0.0000000E+00  0.0000000E+00  0.0000000E+00  0.0000000E+00
  0.1000000E-03  0.3194329E+10  0.9173075E+09  0.1976199E+09  0.1312653E+16  0.1978282E+11  0.5960435E+09  0.1368106E+08  0.7374598E+10  0.3045371E+10 -0.8808879E+10  0.0000000E+00  0.0000000E+00  0.0000000E+00  0.0000000E+00  0.0000000E+00  0.0000000E+00
  0.1100000E-03  0.3737019E+10  0.9755103E+09  0.1674290E+09  0.1293341E+16  0.2183008E+11  0.9837962E+09  0.1551980E+08  0.8744848E+10  0.3550892E+10 -0.7915311E+10  0.0000000E+00  0.0000000E+00  0.0000000E+00  0.0000000E+00  0.0000000E+00  0.0000000E+00
  0.1200000E-03  0.4186606E+10  0.9124251E+09  0.1522388E+09  0.1289382E+16  0.2371193E+11  0.1533158E+10  0.1747592E+08  0.9446728E+10  0.3847315E+10 -0.7124043E+10  0.0000000E+00  0.0000000E+00  0.0000000E+00  0.0000000E+00  0.0000000E+00  0.0000000E+00
  0.1300000E-03  0.2577512E+10  0.2301651E+10 -0.1580738E+09  0.1897654E+16  0.2567973E+11  0.2310910E+10  0.1916025E+08  0.7798138E+10  0.4654042E+10  0.9134953E+10  0.0000000E+00  0.0000000E+00  0.0000000E+00  0.0000000E+00  0.0000000E+00  0.0000000E+00
  0.1400000E-03  0.2607416E+10  0.2446462E+10 -0.1867231E+09  0.1595262E+16  0.2901519E+11  0.3106581E+10  0.2795287E+08  0.8255301E+10  0.5021726E+10  0.1319649E+11  0.0000000E+00  0.0000000E+00  0.0000000E+00  0.0000000E+00  0.0000000E+00  0.0000000E+00
  0.1500000E-03  0.2875801E+10  0.2294698E+10 -0.1873695E+09  0.1478962E+16  0.3123493E+11  0.3791208E+10  0.3208220E+08  0.7956572E+10  0.5231613E+10  0.1344195E+11  0.0000000E+00  0.0000000E+00  0.0000000E+00  0.0000000E+00  0.0000000E+00  0.0000000E+00
  0.1600000E-03  0.2011159E+10  0.2036412E+10  0.5572236E+08  0.2520387E+16  0.3617416E+11  0.4591590E+10  0.3269382E+08  0.8084269E+10 -0.7315588E+09  0.7521129E+10  0.0000000E+00  0.0000000E+00  0.0000000E+00  0.0000000E+00  0.0000000E+00  0.0000000E+00
  0.1700000E-03  0.2427352E+10  0.2005243E+10  0.7587956E+08  0.2142101E+16  0.3984279E+11  0.5370822E+10  0.4661531E+08  0.6364749E+10 -0.1184661E+10  0.8667574E+10  0.0000000E+00  0.0000000E+00  0.0000000E+00  0.0000000E+00  0.0000000E+00  0.0000000E+00
  0.1800000E-03  0.3042522E+10  0.1913871E+10  0.1236164E+09  0.1969280E+16  0.4176698E+11  0.6126599E+10  0.4740973E+08  0.5873380E+10 -0.1858505E+10  0.9117017E+10  0.0000000E+00  0.0000000E+00  0.0000000E+00  0.0000000E+00  0.0000000E+00  0.0000000E+00
  0.1900000E-03  0.3429263E+10  0.1706348E+10  0.1571200E+09  0.2071564E+16  0.4393935E+11  0.7129498E+10  0.4622295E+08  0.1000301E+11 -0.6113265E+09  0.1137598E+11  0.0000000E+00  0.0000000E+00  0.0000000E+00  0.0000000E+00  0.0000000E+00  0.0000000E+00
  0.2000000E-03  0.4668683E+10  0.1383246E+10  0.1750692E+09  0.1821422E+16  0.4657693E+11  0.8416995E+10  0.5600490E+08  0.8766407E+10 -0.5195319E+09  0.8494463E+10  0.0000000E+00  0.0000000E+00  0.0000000E+00  0.0000000E+00  0.0000000E+00  0.0000000E+00
  0.2100000E-03  0.5152831E+10  0.1267418E+10  0.1614906E+09  0.1715470E+16  0.4789101E+11  0.1017181E+11  0.5459417E+08  0.8497202E+10 -0.1175075E+09  0.7233994E+10  0.0000000E+00  0.0000000E+00  0.0000000E+00  0.0000000E+00  0.0000000E+00  0.0000000E+00
  0.2200000E-03  0.9974729E+10  0.5342525E+09 -0.1805641E+09  0.3257567E+16  0.5395775E+11  0.1252731E+11  0.5341370E+08  0.2772702E+10  0.6828850E+10 -0.3606352E+10  0.0000000E+00  0.0000000E+00  0.0000000E+00  0.0000000E+00  0.0000000E+00  0.0000000E+00
  0.2300000E-03  0.1084243E+11  0.4698294E+09 -0.1849190E+09  0.2578569E+16  0.5909920E+11  0.1660756E+11  0.1172980E+09  0.2623495E+10  0.6376684E+10 -0.4475592E+10  0.0000000E+00  0.0000000E+00  0.0000000E+00  0.0000000E+00  0.0000000E+00  0.0000000E+00
  0.2400000E-03  0.1045117E+11  0.3846278E+09 -0.1641621E+09  0.2242430E+16  0.6091143E+11  0.2322195E+11  0.1110705E+09  0.2381988E+10  0.5803567E+10 -0.5244501E+10  0.0000000E+00  0.0000000E+00  0.0000000E+00  0.0000000E+00  0.0000000E+00  0.0000000E+00
  0.2500000E-03  0.1147587E+11  0.1575582E+10  0.9772539E+08  0.2940165E+16  0.6495843E+11  0.3110000E+11  0.1030084E+09  0.7246432E+10  0.5150790E+08  0.5237834E+10  0.0000000E+00  0.0000000E+00  0.0000000E+00  0.0000000E+00  0.0000000E+00  0.0000000E+00
  0.2600000E-03  0.1053862E+11  0.1528936E+10  0.9840726E+08  0.2492651E+16  0.6929131E+11  0.4045708E+11  0.1556615E+09  0.6952652E+10  0.2105687E+09  0.4426930E+10  0.0000000E+00  0.0000000E+00  0.0000000E+00  0.0000000E+00  0.0000000E+00  0.0000000E+00
  0.2700000E-03  0.1046513E+11  0.1448724E+10  0.6676152E+08  0.2284438E+16  0.7071664E+11  0.5104479E+11  0.1451817E+09  0.6611270E+10  0.4799737E+09  0.3479061E+10  0.0000000E+00  0.0000000E+00  0.0000000E+00  0.0000000E+00  0.0000000E+00  0.0000000E+00
  0.2800000E-03  0.2077847E+11  0.1381765E+10 -0.9797440E+08  0.3987883E+16  0.8186590E+11  0.6231219E+11  0.1374843E+09  0.2690048E+10  0.1816789E+10 -0.5108910E+10  0.0000000E+00  0.0000000E+00  0.0000000E+00  0.0000000E+00  0.0000000E+00  0.0000000E+00
  0.2900000E-03  0.1870781E+11  0.1216517E+10 -0.5768957E+08  0.3329451E+16  0.8745701E+11  0.8110183E+11  0.2774081E+09  0.1929710E+10  0.1204030E+10 -0.4736273E+10  0.0000000E+00  0.0000000E+00  0.0000000E+00  0.0000000E+00  0.0000000E+00  0.0000000E+00
  0.3000000E-03  0.1786551E+11  0.1131935E+10 -0.4741462E+08  0.2990082E+16  0.8917451E+11  0.1083579E+12  0.2546870E+09  0.2046898E+10  0.1069393E+10 -0.4274180E+10  0.0000000E+00  0.0000000E+00  0.0000000E+00  0.0000000E+00  0.0000000E+00  0.0000000E+00
  0.3100000E-03  0.2696527E+11  0.2155804E+10 -0.3413687E+08  0.5543974E+16  0.1085501E+12  0.1372731E+12  0.2339779E+09  0.1008851E+10  0.9883860E+09  0.1529310E+11  0.0000000E+00  0.0000000E+00  0.0000000E+00  0.0000000E+00  0.0000000E+00  0.0000000E+00
  0.3200000E-03  0.2617871E+11  0.2007588E+10 -0.5597005E+08  0.4671377E+16  0.1176654E+12  0.1770357E+12  0.5653958E+09  0.6304256E+09  0.1024569E+10  0.1363519E+11  0.0000000E+00  0.0000000E+00  0.0000000E+00  0.0000000E+00  0.0000000E+00  0.0000000E+00
  0.3300000E-03  0.2558772E+11  0.1888965E+10 -0.6616100E+08  0.4191036E+16  0.1208344E+12  0.2312717E+12  0.5078871E+09  0.1024285E+10  0.1051178E+10  0.1226472E+11  0.0000000E+00  0.0000000E+00  0.0000000E+00  0.0000000E+00  0.0000000E+00  0.0000000E+00
  0.3400000E-03  0.5197218E+11  0.1403039E+10 -0.8217894E+08  0.8909427E+16  0.1559672E+12  0.2907560E+12  0.4662496E+09 -0.6961713E+10  0.1244840E+10  0.2010652E+11  0.0000000E+00  0.0000000E+00  0.0000000E+00  0.0000000E+00  0.0000000E+00  0.0000000E+00
  0.3500000E-03  0.4849446E+11  0.1244249E+10 -0.1779618E+09  0.7242581E+16  0.1704684E+12  0.3916602E+12  0.1297359E+10 -0.6547962E+10  0.2880594E+10  0.1721272E+11  0.0000000E+00  0.0000000E+00  0.0000000E+00  0.0000000E+00  0.0000000E+00  0.0000000E+00
  0.3600000E-03  0.4586957E+11  0.1051886E+10 -0.2228110E+09  0.6376839E+16  0.1752623E+12  0.5463377E+12  0.1136420E+10 -0.5797477E+10  0.3775199E+10  0.1406493E+11  0.0000000E+00  0.0000000E+00  0.0000000E+00  0.0000000E+00  0.0000000E+00  0.0000000E+00
  0.3700000E-03  0.5984645E+11 -0.6268413E+09 -0.2049988E+09  0.8879196E+16  0.2009981E+12  0.7155596E+12  0.1015518E+10 -0.1202817E+11  0.2744405E+10  0.3530954E+10  0.0000000E+00  0.0000000E+00  0.0000000E+00  0.0000000E+00  0.0000000E+00  0.0000000E+00
  0.3800000E-03  0.5641468E+11 -0.6148432E+09 -0.1465640E+09  0.7732608E+16  0.2094865E+12  0.9299237E+12  0.1833598E+10 -0.1112751E+11  0.1831498E+10  0.1062436E+10  0.0000000E+00  0.0000000E+00  0.0000000E+00  0.0000000E+00  0.0000000E+00  0.0000000E+00
  0.3900000E-03  0.5354831E+11 -0.5636524E+09 -0.1091464E+09  0.7010046E+16  0.2105549E+12  0.1200673E+13  0.1578852E+10 -0.9967550E+10  0.1263343E+10  0.1585807E+08  0.0000000E+00  0.0000000E+00  0.0000000E+00  0.0000000E+00  0.0000000E+00  0.0000000E+00
  0.4000000E-03  0.5532407E+11 -0.3198399E+10 -0.2313693E+09  0.8031406E+16  0.2181677E+12  0.1487184E+13  0.1389534E+10  0.3542866E+10  0.2097016E+10 -0.2978996E+11  0.0000000E+00  0.0000000E+00  0.0000000E+00  0.0000000E+00  0.0000000E+00  0.0000000E+00
  0.4100000E-03  0.5151282E+11 -0.2724867E+10 -0.2053407E+09  0.7084481E+16  0.2166903E+12  0.1801597E+13  0.1587774E+10  0.3655001E+10  0.2077886E+10 -0.2483428E+11  0.0000000E+00  0.0000000E+00  0.0000000E+00  0.0000000E+00  0.0000000E+00  0.0000000E+00
  0.4200000E-03  0.4870091E+11 -0.2391400E+10 -0.1894922E+09  0.6435176E+16  0.2117970E+12  0.2139733E+13  0.1360073E+10  0.3646289E+10  0.1997354E+10 -0.2166188E+11  0.0000000E+00  0.0000000E+00  0.0000000E+00  0.0000000E+00  0.0000000E+00  0.0000000E+00
  0.4300000E-03  0.4402497E+11 -0.3005072E+10 -0.2510577E+09  0.6124948E+16  0.2073344E+12  0.2483757E+13  0.1174561E+10  0.7829967E+10  0.3071012E+10 -0.2939570E+11  0.0000000E+00  0.0000000E+00  0.0000000E+00  0.0000000E+00  0.0000000E+00  0.0000000E+00
  0.4400000E-03  0.4159552E+11 -0.2617495E+10 -0.2388317E+09  0.5619388E+16  0.2005911E+12  0.2824180E+13  0.1129897E+10  0.7169678E+10  0.2899001E+10 -0.2553219E+11  0.0000000E+00  0.0000000E+00  0.0000000E+00  0.0000000E+00  0.0000000E+00  0.0000000E+00
  0.4500000E-03  0.3968162E+11 -0.2332918E+10 -0.2328528E+09  0.5218854E+16  0.1930800E+12  0.3157566E+13  0.9951664E+09  0.6726598E+10  0.2820801E+10 -0.2274590E+11  0.0000000E+00  0.0000000E+00  0.0000000E+00  0.0000000E+00  0.0000000E+00  0.0000000E+00
  0.4600000E-03  0.3769034E+11 -0.2138867E+10 -0.2424562E+09  0.5161521E+16  0.1885192E+12  0.3492546E+13  0.8490259E+09  0.7925696E+10  0.3064263E+10 -0.2071181E+11  0.0000000E+00  0.0000000E+00  0.0000000E+00  0.0000000E+00  0.0000000E+00  0.0000000E+00
  0.4700000E-03  0.3572359E+11 -0.1930450E+10 -0.2450566E+09  0.4767889E+16  0.1818631E+12  0.3825415E+13  0.8334109E+09  0.7266607E+10  0.2969577E+10 -0.1882982E+11  0.0000000E+00  0.0000000E+00  0.0000000E+00  0.0000000E+00  0.0000000E+00  0.0000000E+00
  0.4800000E-03  0.3418083E+11 -0.1771244E+10 -0.2416840E+09  0.4457141E+16  0.1744470E+12  0.4156065E+13  0.7524609E+09  0.6768838E+10  0.2864432E+10 -0.1742805E+11  0.0000000E+00  0.0000000E+00  0.0000000E+00  0.0000000E+00  0.0000000E+00  0.0000000E+00
  0.4900000E-03  0.3566067E+11 -0.1815047E+10 -0.1513804E+09  0.4538198E+16  0.1716677E+12  0.4484427E+13  0.6395128E+09  0.8425570E+10  0.1283510E+10 -0.1571077E+11  0.0000000E+00  0.0000000E+00  0.0000000E+00  0.0000000E+00  0.0000000E+00  0.0000000E+00
  0.5000000E-03  0.3376991E+11 -0.1618371E+10 -0.1486553E+09  0.4197252E+16  0.1657635E+12  0.4822881E+13  0.6138839E+09  0.7887346E+10  0.1396237E+10 -0.1370469E+11  0.0000000E+00  0.0000000E+00  0.0000000E+00  0.0000000E+00  0.0000000E+00  0.0000000E+00
  0.5100000E-03  0.3224452E+11 -0.1457500E+10 -0.1426904E+09  0.3943083E+16  0.1589842E+12  0.5174404E+13  0.5682622E+09  0.7600538E+10  0.1422298E+10 -0.1217820E+11  0.0000000E+00  0.0000000E+00  0.0000000E+00  0.0000000E+00  0.0000000E+00  0.0000000E+00
  0.5200000E-03  0.3091928E+11 -0.1657652E+10 -0.1150365E+09  0.3957174E+16  0.1550423E+12  0.5517396E+13  0.4873125E+09  0.6174537E+10  0.1153891E+10 -0.1397514E+11  0.0000000E+00  0.0000000E+00  0.0000000E+00  0.0000000E+00  0.0000000E+00  0.0000000E+00
  0.5300000E-03  0.2932115E+11 -0.1516406E+10 -0.1181553E+09  0.3696401E+16  0.1493656E+12  0.5857652E+13  0.4603795E+09  0.6098460E+10  0.1211658E+10 -0.1255763E+11  0.0000000E+00  0.0000000E+00  0.0000000E+00  0.0000000E+00  0.0000000E+00  0.0000000E+00
  0.5400000E-03  0.2804518E+11 -0.1399122E+10 -0.1193192E+09  0.3484644E+16  0.1430817E+12  0.6191238E+13  0.4405137E+09  0.5942070E+10  0.1233873E+10 -0.1133388E+11  0.0000000E+00  0.0000000E+00  0.0000000E+00  0.0000000E+00  0.0000000E+00  0.0000000E+00
  0.5500000E-03  0.1738583E+11 -0.2243387E+09 -0.2698766E+09  0.3617058E+16  0.1360162E+12  0.6518241E+13  0.3851360E+09  0.3852706E+10  0.2257785E+10 -0.1119055E+11  0.0000000E+00  0.0000000E+00  0.0000000E+00  0.0000000E+00  0.0000000E+00  0.0000000E+00
  0.5600000E-03  0.1667264E+11 -0.3081314E+09 -0.2687529E+09  0.3123955E+16  0.1302232E+12  0.6783102E+13  0.3131698E+09  0.3721805E+10  0.2122842E+10 -0.1028609E+11  0.0000000E+00  0.0000000E+00  0.0000000E+00  0.0000000E+00  0.0000000E+00  0.0000000E+00
  0.5700000E-03  0.1632980E+11 -0.3799611E+09 -0.2679886E+09  0.2883122E+16  0.1241731E+12  0.6984607E+13  0.2977953E+09  0.3648508E+10  0.2122593E+10 -0.9811493E+10  0.0000000E+00  0.0000000E+00  0.0000000E+00  0.0000000E+00  0.0000000E+00  0.0000000E+00
