 EM Railgun example                                                      
                    ls-dyna smp d R13 R13.1.1_27_8731a0 date 07/28/2023
EM Part data
  time,        LorFor-x,   LorFor-y,   LorFor-z,   JHEnergy,   MagEnergy,  KinEnergy,  PlasEnergy, LorTor-x,   LorTor-y,   LorTor-z,   SurFor-x,   SurFor-y,   SurFor-z,   SurTor-x,   SurTor-y,   SurTor-z,  
  0.1000000E-04  0.1349540E+08  0.1281761E+09 -0.2542000E+10  0.2942180E+15  0.4806986E+09  0.0000000E+00  0.0000000E+00 -0.3247172E+10  0.2329949E+12  0.1244847E+11  0.0000000E+00  0.0000000E+00  0.0000000E+00  0.0000000E+00  0.0000000E+00  0.0000000E+00
  0.2000000E-04  0.4004721E+08  0.6402449E+09 -0.1156823E+11  0.9466339E+15  0.3218808E+10  0.0000000E+00  0.0000000E+00 -0.1477182E+11  0.1060058E+13  0.6199143E+11  0.0000000E+00  0.0000000E+00  0.0000000E+00  0.0000000E+00  0.0000000E+00  0.0000000E+00
  0.3000000E-04  0.5013465E+08  0.1611602E+10 -0.2679916E+11  0.1742134E+16  0.9764723E+10  0.0000000E+00  0.0000000E+00 -0.3413703E+11  0.2454890E+13  0.1556609E+12  0.0000000E+00  0.0000000E+00  0.0000000E+00  0.0000000E+00  0.0000000E+00  0.0000000E+00
  0.4000000E-04 -0.3726526E+07  0.2762716E+10 -0.4545389E+11  0.2527360E+16  0.2061134E+11  0.0000000E+00  0.0000000E+00 -0.5329088E+11  0.4185418E+13  0.2685338E+12  0.0000000E+00  0.0000000E+00  0.0000000E+00  0.0000000E+00  0.0000000E+00  0.0000000E+00
  0.5000000E-04 -0.1607459E+09  0.4192433E+10 -0.6733370E+11  0.3317412E+16  0.3607226E+11  0.0000000E+00  0.0000000E+00 -0.7395841E+11  0.6205828E+13  0.4074059E+12  0.0000000E+00  0.0000000E+00  0.0000000E+00  0.0000000E+00  0.0000000E+00  0.0000000E+00
  0.6000000E-04 -0.4508399E+09  0.5838125E+10 -0.9108507E+11  0.4065574E+16  0.5607644E+11  0.0000000E+00  0.0000000E+00 -0.9520528E+11  0.8388000E+13  0.5659411E+12  0.0000000E+00  0.0000000E+00  0.0000000E+00  0.0000000E+00  0.0000000E+00  0.0000000E+00
  0.7000000E-04 -0.7961540E+09  0.8449115E+10 -0.1381590E+12  0.6265109E+16  0.8351372E+11  0.0000000E+00  0.0000000E+00 -0.1446546E+12  0.1268151E+14  0.7720914E+12  0.0000000E+00  0.0000000E+00  0.0000000E+00  0.0000000E+00  0.0000000E+00  0.0000000E+00
  0.8000000E-04 -0.7201201E+09  0.9456984E+10 -0.1622720E+12  0.6430592E+16  0.1147017E+12  0.0000000E+00  0.0000000E+00 -0.1609240E+12  0.1484051E+14  0.8573127E+12  0.0000000E+00  0.0000000E+00  0.0000000E+00  0.0000000E+00  0.0000000E+00  0.0000000E+00
  0.9000000E-04 -0.9389524E+09  0.1050326E+11 -0.1827206E+12  0.6659186E+16  0.1474840E+12  0.0000000E+00  0.0000000E+00 -0.1742880E+12  0.1666821E+14  0.9457761E+12  0.0000000E+00  0.0000000E+00  0.0000000E+00  0.0000000E+00  0.0000000E+00  0.0000000E+00
  0.1000000E-03  0.8814392E+09  0.1466752E+11 -0.1430216E+12  0.7809030E+16  0.1517051E+12  0.0000000E+00  0.0000000E+00 -0.2455714E+12  0.1200711E+14  0.1218179E+13  0.0000000E+00  0.0000000E+00  0.0000000E+00  0.0000000E+00  0.0000000E+00  0.0000000E+00
  0.1100000E-03 -0.1265634E+10  0.1608296E+11 -0.1813227E+12  0.6976442E+16  0.1744850E+12  0.0000000E+00  0.0000000E+00 -0.2584635E+12  0.1539431E+14  0.1332489E+13  0.0000000E+00  0.0000000E+00  0.0000000E+00  0.0000000E+00  0.0000000E+00  0.0000000E+00
  0.1200000E-03 -0.3111770E+10  0.1756615E+11 -0.2057138E+12  0.6705308E+16  0.2040134E+12  0.0000000E+00  0.0000000E+00 -0.2685655E+12  0.1760065E+14  0.1455270E+13  0.0000000E+00  0.0000000E+00  0.0000000E+00  0.0000000E+00  0.0000000E+00  0.0000000E+00
  0.1300000E-03 -0.1388498E+11  0.1210630E+11 -0.3834936E+12  0.2432283E+17  0.2572841E+12  0.0000000E+00  0.0000000E+00 -0.1053363E+12  0.2770047E+14  0.9008171E+12  0.0000000E+00  0.0000000E+00  0.0000000E+00  0.0000000E+00  0.0000000E+00  0.0000000E+00
  0.1400000E-03 -0.1736487E+11  0.1140260E+11 -0.4429118E+12  0.1845427E+17  0.3310567E+12  0.0000000E+00  0.0000000E+00 -0.1014664E+12  0.3199847E+14  0.8361042E+12  0.0000000E+00  0.0000000E+00  0.0000000E+00  0.0000000E+00  0.0000000E+00  0.0000000E+00
  0.1500000E-03 -0.1992576E+11  0.1105796E+11 -0.4610576E+12  0.1524461E+17  0.4008408E+12  0.0000000E+00  0.0000000E+00 -0.1012882E+12  0.3367002E+14  0.8002838E+12  0.0000000E+00  0.0000000E+00  0.0000000E+00  0.0000000E+00  0.0000000E+00  0.0000000E+00
  0.1600000E-03 -0.9095069E+10 -0.2593134E+10 -0.2667768E+12  0.4792073E+17  0.3540065E+12  0.0000000E+00  0.0000000E+00  0.1585834E+12  0.9213573E+13 -0.6785009E+11  0.0000000E+00  0.0000000E+00  0.0000000E+00  0.0000000E+00  0.0000000E+00  0.0000000E+00
  0.1700000E-03 -0.1278654E+11 -0.2233380E+10 -0.4805574E+12  0.3772503E+17  0.4200794E+12  0.0000000E+00  0.0000000E+00  0.1070432E+12  0.1742587E+14 -0.5012065E+11  0.0000000E+00  0.0000000E+00  0.0000000E+00  0.0000000E+00  0.0000000E+00  0.0000000E+00
  0.1800000E-03 -0.1540870E+11 -0.1989856E+10 -0.5888669E+12  0.3167671E+17  0.5202437E+12  0.0000000E+00  0.0000000E+00  0.7552259E+11  0.2254405E+14 -0.3951514E+11  0.0000000E+00  0.0000000E+00  0.0000000E+00  0.0000000E+00  0.0000000E+00  0.0000000E+00
