 EM Railgun example                                                      
                    ls-dyna smp d R13 R13.1.1_27_8731a0 date 07/28/2023
EM Circuit data
          time,       Voltage,        Charge,       Current,       ResistD,       ResistJ,        Induct,       Mutual1,       Mutual2,        Mutual3
  0.50000000E-05  0.58681831E+09  0.59999988E+09  0.46170813E+08  0.98180661E-02  0.67142118E-02  0.68970939E-05  0.00000000E+00  0.00000000E+00  0.00000000E+00
  0.10000000E-04  0.56424981E+09  0.59999954E+09  0.90334702E+08  0.98180661E-02  0.14534731E-01  0.68970939E-05  0.00000000E+00  0.00000000E+00  0.00000000E+00
  0.15000000E-04  0.54266208E+09  0.59999899E+09  0.13258630E+09  0.98180661E-02  0.16733667E-01  0.68970939E-05  0.00000000E+00  0.00000000E+00  0.00000000E+00
  0.20000000E-04  0.52200990E+09  0.59999822E+09  0.17299514E+09  0.98200216E-02  0.17188363E-01  0.68996558E-05  0.00000000E+00  0.00000000E+00  0.00000000E+00
  0.25000000E-04  0.50225736E+09  0.59999726E+09  0.21169193E+09  0.98200216E-02  0.17031170E-01  0.68996558E-05  0.00000000E+00  0.00000000E+00  0.00000000E+00
  0.30000000E-04  0.48334148E+09  0.59999611E+09  0.24875770E+09  0.98200216E-02  0.16618655E-01  0.68996558E-05  0.00000000E+00  0.00000000E+00  0.00000000E+00
  0.35000000E-04  0.46523687E+09  0.59999478E+09  0.28434187E+09  0.98401263E-02  0.16007678E-01  0.69271553E-05  0.00000000E+00  0.00000000E+00  0.00000000E+00
  0.40000000E-04  0.44784318E+09  0.59999327E+09  0.31840654E+09  0.98401263E-02  0.15364519E-01  0.69271553E-05  0.00000000E+00  0.00000000E+00  0.00000000E+00
  0.45000000E-04  0.43119202E+09  0.59999160E+09  0.35105943E+09  0.98401263E-02  0.14773788E-01  0.69271553E-05  0.00000000E+00  0.00000000E+00  0.00000000E+00
  0.50000000E-04  0.41528549E+09  0.59998976E+09  0.38308505E+09  0.98328510E-02  0.14238761E-01  0.70293003E-05  0.00000000E+00  0.00000000E+00  0.00000000E+00
  0.55000000E-04  0.39963347E+09  0.59998777E+09  0.41319427E+09  0.98328510E-02  0.13881442E-01  0.70293003E-05  0.00000000E+00  0.00000000E+00  0.00000000E+00
  0.60000000E-04  0.38491779E+09  0.59998563E+09  0.44205503E+09  0.98328510E-02  0.13302793E-01  0.70293003E-05  0.00000000E+00  0.00000000E+00  0.00000000E+00
  0.65000000E-04  0.37094614E+09  0.59998334E+09  0.47422913E+09  0.10068979E-01  0.13794676E-01  0.72807694E-05  0.00000000E+00  0.00000000E+00  0.00000000E+00
  0.70000000E-04  0.35522667E+09  0.59998090E+09  0.50044578E+09  0.10068979E-01  0.14722392E-01  0.72807694E-05  0.00000000E+00  0.00000000E+00  0.00000000E+00
  0.75000000E-04  0.34241730E+09  0.59997834E+09  0.52568160E+09  0.10068979E-01  0.13670855E-01  0.72807694E-05  0.00000000E+00  0.00000000E+00  0.00000000E+00
  0.80000000E-04  0.33032356E+09  0.59997564E+09  0.55333761E+09  0.10461894E-01  0.13930730E-01  0.77610380E-05  0.00000000E+00  0.00000000E+00  0.00000000E+00
  0.85000000E-04  0.31681752E+09  0.59997282E+09  0.57631939E+09  0.10461894E-01  0.14482734E-01  0.77610380E-05  0.00000000E+00  0.00000000E+00  0.00000000E+00
  0.90000000E-04  0.30559361E+09  0.59996988E+09  0.59834131E+09  0.10461894E-01  0.13320780E-01  0.77610380E-05  0.00000000E+00  0.00000000E+00  0.00000000E+00
  0.95000000E-04  0.29512225E+09  0.59996673E+09  0.66383120E+09  0.11161990E-01  0.85177060E-02  0.84781618E-05  0.00000000E+00  0.00000000E+00  0.00000000E+00
  0.10000000E-03  0.26315655E+09  0.59996336E+09  0.68156220E+09  0.11161990E-01  0.82710072E-02  0.84781618E-05  0.00000000E+00  0.00000000E+00  0.00000000E+00
  0.10500000E-03  0.25449956E+09  0.59995991E+09  0.69863621E+09  0.11161990E-01  0.76970584E-02  0.84781618E-05  0.00000000E+00  0.00000000E+00  0.00000000E+00
  0.11000000E-03  0.24676081E+09  0.59995629E+09  0.74789373E+09  0.12300094E-01  0.81815659E-02  0.96972976E-05  0.00000000E+00  0.00000000E+00  0.00000000E+00
  0.11500000E-03  0.22274061E+09  0.59995252E+09  0.76165551E+09  0.12300094E-01  0.10051202E-01  0.96972976E-05  0.00000000E+00  0.00000000E+00  0.00000000E+00
  0.12000000E-03  0.21602703E+09  0.59994868E+09  0.77491073E+09  0.12300094E-01  0.90706220E-02  0.96972976E-05  0.00000000E+00  0.00000000E+00  0.00000000E+00
  0.12500000E-03  0.21068123E+09  0.59994464E+09  0.84198123E+09  0.14166794E-01  0.91350618E-02  0.11863878E-04  0.00000000E+00  0.00000000E+00  0.00000000E+00
  0.13000000E-03  0.17803440E+09  0.59994041E+09  0.85034690E+09  0.14166794E-01  0.12537551E-01  0.11863878E-04  0.00000000E+00  0.00000000E+00  0.00000000E+00
  0.13500000E-03  0.17395872E+09  0.59993613E+09  0.85867544E+09  0.14166794E-01  0.10965062E-01  0.11863878E-04  0.00000000E+00  0.00000000E+00  0.00000000E+00
  0.14000000E-03  0.17194872E+09  0.59993175E+09  0.89621468E+09  0.17738329E-01  0.13553364E-01  0.15821985E-04  0.00000000E+00  0.00000000E+00  0.00000000E+00
  0.14500000E-03  0.15373191E+09  0.59992726E+09  0.89997320E+09  0.17738329E-01  0.21634089E-01  0.15821985E-04  0.00000000E+00  0.00000000E+00  0.00000000E+00
  0.15000000E-03  0.15190403E+09  0.59992275E+09  0.90422468E+09  0.17738329E-01  0.18496466E-01  0.15821985E-04  0.00000000E+00  0.00000000E+00  0.00000000E+00
  0.15500000E-03  0.15328381E+09  0.59991839E+09  0.83970183E+09  0.23944426E-01  0.17769972E-01  0.23236728E-04  0.00000000E+00  0.00000000E+00  0.00000000E+00
  0.16000000E-03  0.18441973E+09  0.59991418E+09  0.84368978E+09  0.23944426E-01  0.39024471E-01  0.23236728E-04  0.00000000E+00  0.00000000E+00  0.00000000E+00
  0.16500000E-03  0.18249091E+09  0.59990995E+09  0.84843486E+09  0.23944426E-01  0.33252726E-01  0.23236728E-04  0.00000000E+00  0.00000000E+00  0.00000000E+00
  0.17000000E-03  0.18363395E+09  0.59990597E+09  0.74082823E+09  0.34526075E-01  0.30914788E-01  0.35422258E-04  0.00000000E+00  0.00000000E+00  0.00000000E+00
  0.17500000E-03  0.23531275E+09  0.59990226E+09  0.74639331E+09  0.34526075E-01  0.60662651E-01  0.35422258E-04  0.00000000E+00  0.00000000E+00  0.00000000E+00
  0.18000000E-03  0.23263622E+09  0.59989851E+09  0.75234261E+09  0.34526075E-01  0.52114451E-01  0.35422258E-04  0.00000000E+00  0.00000000E+00  0.00000000E+00
  0.18500000E-03  0.23171171E+09  0.59989502E+09  0.64138172E+09  0.48625554E-01  0.49893224E-01  0.52168052E-04  0.00000000E+00  0.00000000E+00  0.00000000E+00
  0.19000000E-03  0.28492860E+09  0.59989180E+09  0.64778333E+09  0.48625554E-01  0.84070753E-01  0.52168052E-04  0.00000000E+00  0.00000000E+00  0.00000000E+00
  0.19500000E-03  0.28185501E+09  0.59988855E+09  0.65447538E+09  0.48625554E-01  0.73228336E-01  0.52168052E-04  0.00000000E+00  0.00000000E+00  0.00000000E+00
  0.20000000E-03  0.28019707E+09  0.59988545E+09  0.58411773E+09  0.91410625E-01  0.60771307E-01  0.74239540E-04  0.00000000E+00  0.00000000E+00  0.00000000E+00
  0.20500000E-03  0.31391275E+09  0.59988252E+09  0.58962425E+09  0.91410625E-01  0.80960154E-01  0.74239540E-04  0.00000000E+00  0.00000000E+00  0.00000000E+00
  0.21000000E-03  0.31127086E+09  0.59987955E+09  0.59535128E+09  0.91410625E-01  0.73943312E-01  0.74239540E-04  0.00000000E+00  0.00000000E+00  0.00000000E+00
