 EM Railgun example                                                      
                    ls-dyna smp d R13 R13.1.1_27_8731a0 date 07/28/2023
EM Global Energy data
  time,        Ext.JH,     Ext.Mag,    Ext.Cap,    Mesh.JH,    Mesh.Mag,   Air.Mag,    TotEm,      Mech.Pla,   Mech.kin,  
  0.5000000E-05  0.1332340E+10  0.5329360E+11  0.1799999E+18  0.7374922E+15  0.9306242E+09  0.7351419E+10  0.1807375E+18  0.0000000E+00  0.0000000E+00
  0.1000000E-04  0.2189391E+11  0.2040090E+12  0.1799997E+18  0.2418963E+16  0.5260506E+10  0.2814138E+11  0.1824189E+18  0.4156402E+06  0.4194860E+05
  0.1500000E-04  0.4610429E+11  0.4394782E+12  0.1799994E+18  0.4555779E+16  0.1406811E+11  0.6062245E+11  0.1845557E+18  0.7354457E+07  0.1271251E+07
  0.2000000E-04  0.7760019E+11  0.7481830E+12  0.1799989E+18  0.6572336E+16  0.2664478E+11  0.1032441E+12  0.1865722E+18  0.3442530E+08  0.1173188E+08
  0.2500000E-04  0.1153790E+12  0.1120337E+13  0.1799984E+18  0.8805745E+16  0.4323618E+11  0.1545988E+12  0.1888055E+18  0.9086604E+08  0.5908970E+08
  0.3000000E-04  0.1585627E+12  0.1547010E+13  0.1799977E+18  0.1110362E+17  0.6374342E+11  0.2134767E+12  0.1911033E+18  0.1894330E+09  0.2080069E+09
  0.3500000E-04  0.2063666E+12  0.2021258E+13  0.1799969E+18  0.1280597E+17  0.8631743E+11  0.2800313E+12  0.1928054E+18  0.3336124E+09  0.5702329E+09
  0.4000000E-04  0.2581390E+12  0.2534568E+13  0.1799960E+18  0.1460644E+17  0.1115263E+12  0.3511469E+12  0.1946057E+18  0.4854334E+09  0.1323508E+10
  0.4500000E-04  0.3131614E+12  0.3081068E+13  0.1799950E+18  0.1638031E+17  0.1393921E+12  0.4268607E+12  0.1963792E+18  0.6703062E+09  0.2688169E+10
  0.5000000E-04  0.3713777E+12  0.3668854E+13  0.1799939E+18  0.1842036E+17  0.1677963E+12  0.5157895E+12  0.1984189E+18  0.8841418E+09  0.4947256E+10
  0.5500000E-04  0.4321519E+12  0.4268238E+13  0.1799927E+18  0.1955790E+17  0.1996689E+12  0.6000545E+12  0.1995561E+18  0.1127471E+10  0.8855945E+10
  0.6000000E-04  0.4941024E+12  0.4885316E+13  0.1799914E+18  0.2079905E+17  0.2331781E+12  0.6868071E+12  0.2007967E+18  0.1429152E+10  0.1560614E+11
  0.6500000E-04  0.5620783E+12  0.5622332E+13  0.1799900E+18  0.2813436E+17  0.2591603E+12  0.8186980E+12  0.2081316E+18  0.1730962E+10  0.2622361E+11
  0.7000000E-04  0.6315654E+12  0.6261149E+13  0.1799885E+18  0.2632724E+17  0.3046633E+12  0.9117197E+12  0.2063239E+18  0.1579940E+10  0.3899358E+11
  0.7500000E-04  0.6962807E+12  0.6908528E+13  0.1799870E+18  0.2613866E+17  0.3488343E+12  0.1005988E+13  0.2061346E+18  0.1983914E+10  0.5237300E+11
  0.8000000E-04  0.7648956E+12  0.7654563E+13  0.1799854E+18  0.3101161E+17  0.3971850E+12  0.1188147E+13  0.2110070E+18  0.2242390E+10  0.6905794E+11
  0.8500000E-04  0.8346447E+12  0.8303601E+13  0.1799837E+18  0.2894554E+17  0.4554851E+12  0.1288891E+13  0.2089401E+18  0.3080773E+10  0.8849333E+11
  0.9000000E-04  0.8992996E+12  0.8950308E+13  0.1799819E+18  0.2845838E+17  0.5061773E+12  0.1389274E+13  0.2084521E+18  0.3449001E+10  0.1140905E+12
  0.9500000E-04  0.1031814E+13  0.1101680E+14  0.1799800E+18  0.3720407E+17  0.5279214E+12  0.1868044E+13  0.2171985E+18  0.3815823E+10  0.1510209E+12
  0.1000000E-03  0.1164456E+13  0.1161318E+14  0.1799780E+18  0.3325272E+17  0.5796817E+12  0.1969168E+13  0.2132461E+18  0.7204889E+10  0.2240620E+12
  0.1050000E-03  0.1223115E+13  0.1220231E+14  0.1799759E+18  0.3178173E+17  0.6279839E+12  0.2069064E+13  0.2117738E+18  0.7939784E+10  0.3453568E+12
  0.1100000E-03  0.1335988E+13  0.1398363E+14  0.1799738E+18  0.5370238E+17  0.7411911E+12  0.2712068E+13  0.2336949E+18  0.8178810E+10  0.4915569E+12
  0.1150000E-03  0.1448977E+13  0.1450298E+14  0.1799715E+18  0.4927131E+17  0.8295518E+12  0.2812794E+13  0.2292624E+18  0.1934105E+11  0.7197377E+12
  0.1200000E-03  0.1499528E+13  0.1501217E+14  0.1799692E+18  0.4635856E+17  0.9025769E+12  0.2911549E+13  0.2263481E+18  0.2028648E+11  0.1067773E+13
  0.1250000E-03  0.1648629E+13  0.1772331E+14  0.1799668E+18  0.1123210E+18  0.1152587E+13  0.4205344E+13  0.2923125E+18  0.2049580E+11  0.1488033E+13
  0.1300000E-03  0.1797756E+13  0.1807725E+14  0.1799642E+18  0.9616929E+17  0.1338161E+13  0.4289325E+13  0.2761590E+18  0.7500014E+11  0.2244020E+13
  0.1350000E-03  0.1832368E+13  0.1843309E+14  0.1799617E+18  0.8589380E+17  0.1470348E+13  0.4373758E+13  0.2658816E+18  0.7940270E+11  0.3526597E+13
  0.1400000E-03  0.1912926E+13  0.2008002E+14  0.1799591E+18  0.1850977E+18  0.1873721E+13  0.6354115E+13  0.3650869E+18  0.7494131E+11  0.5065026E+13
  0.1450000E-03  0.1999317E+13  0.2024879E+14  0.1799564E+18  0.1589227E+18  0.2155317E+13  0.6407522E+13  0.3389099E+18  0.2303528E+12  0.7667722E+13
  0.1500000E-03  0.2016763E+13  0.2044056E+14  0.1799537E+18  0.1408456E+18  0.2347352E+13  0.6468203E+13  0.3208305E+18  0.2264402E+12  0.1201196E+14
  0.1550000E-03  0.1853354E+13  0.1762748E+14  0.1799510E+18  0.1981604E+18  0.2511075E+13  0.8192099E+13  0.3781416E+18  0.2106565E+12  0.1718797E+14
  0.1600000E-03  0.1734669E+13  0.1779531E+14  0.1799485E+18  0.1750830E+18  0.2626644E+13  0.8270096E+13  0.3550619E+18  0.2754947E+12  0.2324725E+14
  0.1650000E-03  0.1752322E+13  0.1799604E+14  0.1799460E+18  0.1570440E+18  0.2727312E+13  0.8363383E+13  0.3370208E+18  0.2521071E+12  0.3017887E+14
  0.1700000E-03  0.1516107E+13  0.1372066E+14  0.1799436E+18  0.1737605E+18  0.2722769E+13  0.9720336E+13  0.3537317E+18  0.2334180E+12  0.3750671E+14
  0.1750000E-03  0.1339433E+13  0.1392757E+14  0.1799414E+18  0.1553532E+18  0.2761227E+13  0.9866923E+13  0.3353224E+18  0.2198309E+12  0.4538410E+14
  0.1800000E-03  0.1359777E+13  0.1415049E+14  0.1799391E+18  0.1415404E+18  0.2819464E+13  0.1002484E+14  0.3215078E+18  0.2042798E+12  0.5373625E+14
  0.1850000E-03  0.1159026E+13  0.1028426E+14  0.1799370E+18  0.1603055E+18  0.2806929E+13  0.1073020E+14  0.3402675E+18  0.1892513E+12  0.6255825E+14
  0.1900000E-03  0.1002135E+13  0.1049058E+14  0.1799351E+18  0.1452225E+18  0.2840505E+13  0.1094546E+14  0.3251829E+18  0.1764334E+12  0.7150513E+14
  0.1950000E-03  0.1022133E+13  0.1070845E+14  0.1799331E+18  0.1341045E+18  0.2884304E+13  0.1117278E+14  0.3140634E+18  0.1632033E+12  0.8049554E+14
  0.2000000E-03  0.9126467E+12  0.8529838E+13  0.1799313E+18  0.1324509E+18  0.2351527E+13  0.1266503E+14  0.3124067E+18  0.1511042E+12  0.8940654E+14
  0.2050000E-03  0.8256880E+12  0.8691419E+13  0.1799295E+18  0.1055584E+18  0.2152173E+13  0.1290494E+14  0.2855125E+18  0.4390102E+11  0.9579773E+14
  0.2100000E-03  0.8412433E+12  0.8861079E+13  0.1799277E+18  0.9264665E+17  0.2065681E+13  0.1315685E+14  0.2725993E+18  0.3215425E+11  0.9668440E+14
