 EM Railgun example                                                      
                    ls-dyna smp d R13 R13.1.1_27_8731a0 date 07/28/2023
EM Rogowsky Coil data
     time,       VolCurrent     ddtVolCurrent  
  0.1000000E-04  0.1123138E+08  0.0000000E+00
  0.2000000E-04  0.2152019E+08  0.0000000E+00
  0.3000000E-04  0.3095821E+08  0.0000000E+00
  0.4000000E-04  0.3963787E+08  0.0000000E+00
  0.5000000E-04  0.4761276E+08  0.0000000E+00
  0.6000000E-04  0.5494570E+08  0.0000000E+00
  0.7000000E-04  0.6168406E+08  0.0000000E+00
  0.8000000E-04  0.6788899E+08  0.0000000E+00
  0.9000000E-04  0.7360670E+08  0.0000000E+00
  0.1000000E-03  0.7887284E+08  0.0000000E+00
  0.1100000E-03  0.8371957E+08  0.0000000E+00
  0.1200000E-03  0.8819296E+08  0.0000000E+00
  0.1300000E-03  0.9238075E+08  0.0000000E+00
  0.1400000E-03  0.9621038E+08  0.0000000E+00
  0.1500000E-03  0.9974667E+08  0.0000000E+00
  0.1600000E-03  0.1031725E+09  0.0000000E+00
  0.1700000E-03  0.1061997E+09  0.0000000E+00
  0.1800000E-03  0.1089949E+09  0.0000000E+00
  0.1900000E-03  0.1124323E+09  0.0000000E+00
  0.2000000E-03  0.1146615E+09  0.0000000E+00
  0.2100000E-03  0.1167416E+09  0.0000000E+00
  0.2200000E-03  0.1187631E+09  0.0000000E+00
  0.2300000E-03  0.1205166E+09  0.0000000E+00
  0.2400000E-03  0.1221717E+09  0.0000000E+00
  0.2500000E-03  0.1245875E+09  0.0000000E+00
  0.2600000E-03  0.1259021E+09  0.0000000E+00
  0.2700000E-03  0.1271664E+09  0.0000000E+00
  0.2800000E-03  0.1286309E+09  0.0000000E+00
  0.2900000E-03  0.1297008E+09  0.0000000E+00
  0.3000000E-03  0.1306924E+09  0.0000000E+00
  0.3100000E-03  0.1400869E+09  0.0000000E+00
  0.3200000E-03  0.1401469E+09  0.0000000E+00
  0.3300000E-03  0.1401748E+09  0.0000000E+00
  0.3400000E-03  0.1410589E+09  0.0000000E+00
  0.3500000E-03  0.1410608E+09  0.0000000E+00
  0.3600000E-03  0.1410774E+09  0.0000000E+00
  0.3700000E-03  0.1417928E+09  0.0000000E+00
  0.3800000E-03  0.1417553E+09  0.0000000E+00
  0.3900000E-03  0.1417107E+09  0.0000000E+00
  0.4000000E-03  0.1425752E+09  0.0000000E+00
  0.4100000E-03  0.1425541E+09  0.0000000E+00
  0.4200000E-03  0.1425387E+09  0.0000000E+00
  0.4300000E-03  0.1481147E+09  0.0000000E+00
  0.4400000E-03  0.1474581E+09  0.0000000E+00
  0.4500000E-03  0.1468537E+09  0.0000000E+00
  0.4600000E-03  0.1471567E+09  0.0000000E+00
  0.4700000E-03  0.1466662E+09  0.0000000E+00
  0.4800000E-03  0.1462547E+09  0.0000000E+00
  0.4900000E-03  0.1515384E+09  0.0000000E+00
  0.5000000E-03  0.1505527E+09  0.0000000E+00
  0.5100000E-03  0.1496477E+09  0.0000000E+00
  0.5200000E-03  0.1489939E+09  0.0000000E+00
  0.5300000E-03  0.1483028E+09  0.0000000E+00
  0.5400000E-03  0.1477081E+09  0.0000000E+00
  0.5500000E-03  0.1516554E+09  0.0000000E+00
  0.5600000E-03  0.1506496E+09  0.0000000E+00
  0.5700000E-03  0.1497307E+09  0.0000000E+00
  0.5800000E-03  0.1523522E+09  0.0000000E+00
  0.5900000E-03  0.1512280E+09  0.0000000E+00
  0.6000000E-03  0.1502032E+09  0.0000000E+00
  0.6100000E-03  0.1498024E+09  0.0000000E+00
  0.6200000E-03  0.1487879E+09  0.0000000E+00
  0.6300000E-03  0.1479247E+09  0.0000000E+00
  0.6400000E-03  0.1473569E+09  0.0000000E+00
  0.6500000E-03  0.1463213E+09  0.0000000E+00
  0.6600000E-03  0.1454804E+09  0.0000000E+00
  0.6700000E-03  0.1419400E+09  0.0000000E+00
  0.6800000E-03  0.1412700E+09  0.0000000E+00
  0.6900000E-03  0.1407489E+09  0.0000000E+00
  0.7000000E-03  0.1341460E+09  0.0000000E+00
  0.7100000E-03  0.1340275E+09  0.0000000E+00
  0.7200000E-03  0.1339823E+09  0.0000000E+00
  0.7300000E-03  0.1293353E+09  0.0000000E+00
  0.7400000E-03  0.1295095E+09  0.0000000E+00
  0.7500000E-03  0.1297342E+09  0.0000000E+00
  0.7600000E-03  0.1256192E+09  0.0000000E+00
  0.7700000E-03  0.1259516E+09  0.0000000E+00
  0.7800000E-03  0.1263271E+09  0.0000000E+00
  0.7900000E-03  0.1220948E+09  0.0000000E+00
  0.8000000E-03  0.1225789E+09  0.0000000E+00
  0.8100000E-03  0.1230962E+09  0.0000000E+00
  0.8200000E-03  0.1191229E+09  0.0000000E+00
  0.8300000E-03  0.1196947E+09  0.0000000E+00
  0.8400000E-03  0.1202926E+09  0.0000000E+00
  0.8500000E-03  0.1163804E+09  0.0000000E+00
  0.8600000E-03  0.1170341E+09  0.0000000E+00
  0.8700000E-03  0.1177076E+09  0.0000000E+00
  0.8800000E-03  0.1138942E+09  0.0000000E+00
  0.8900000E-03  0.1146066E+09  0.0000000E+00
  0.9000000E-03  0.1153350E+09  0.0000000E+00
  0.9100000E-03  0.1117590E+09  0.0000000E+00
  0.9200000E-03  0.1125015E+09  0.0000000E+00
  0.9300000E-03  0.1132589E+09  0.0000000E+00
  0.9400000E-03  0.1095595E+09  0.0000000E+00
  0.9500000E-03  0.1103357E+09  0.0000000E+00
  0.9600000E-03  0.1111227E+09  0.0000000E+00
  0.9700000E-03  0.1077442E+09  0.0000000E+00
  0.9800000E-03  0.1085319E+09  0.0000000E+00
  0.9900000E-03  0.1093283E+09  0.0000000E+00
  0.1000000E-02  0.1058754E+09  0.0000000E+00
