 EM Railgun example                                                      
                    ls-dyna smp d R13 R13.1.1_27_8731a0 date 07/28/2023
EM Part data
  time,        LorFor-x,   LorFor-y,   LorFor-z,   JHEnergy,   MagEnergy,  KinEnergy,  PlasEnergy, LorTor-x,   LorTor-y,   LorTor-z,   SurFor-x,   SurFor-y,   SurFor-z,   SurTor-x,   SurTor-y,   SurTor-z,  
  0.1000000E-04  0.1349540E+08  0.1281761E+09 -0.2542000E+10  0.2942180E+15  0.4806986E+09  0.0000000E+00  0.0000000E+00 -0.3247172E+10  0.2329949E+12  0.1244847E+11  0.0000000E+00  0.0000000E+00  0.0000000E+00  0.0000000E+00  0.0000000E+00  0.0000000E+00
  0.2000000E-04  0.4004721E+08  0.6402449E+09 -0.1156823E+11  0.9466339E+15  0.3218808E+10  0.0000000E+00  0.0000000E+00 -0.1477182E+11  0.1060058E+13  0.6199143E+11  0.0000000E+00  0.0000000E+00  0.0000000E+00  0.0000000E+00  0.0000000E+00  0.0000000E+00
  0.3000000E-04  0.5013465E+08  0.1611602E+10 -0.2679916E+11  0.1742134E+16  0.9764723E+10  0.0000000E+00  0.0000000E+00 -0.3413703E+11  0.2454890E+13  0.1556609E+12  0.0000000E+00  0.0000000E+00  0.0000000E+00  0.0000000E+00  0.0000000E+00  0.0000000E+00
  0.4000000E-04 -0.3726526E+07  0.2762716E+10 -0.4545389E+11  0.2527360E+16  0.2061134E+11  0.0000000E+00  0.0000000E+00 -0.5329088E+11  0.4185418E+13  0.2685338E+12  0.0000000E+00  0.0000000E+00  0.0000000E+00  0.0000000E+00  0.0000000E+00  0.0000000E+00
  0.5000000E-04 -0.1607459E+09  0.4192433E+10 -0.6733370E+11  0.3317412E+16  0.3607226E+11  0.0000000E+00  0.0000000E+00 -0.7395841E+11  0.6205828E+13  0.4074059E+12  0.0000000E+00  0.0000000E+00  0.0000000E+00  0.0000000E+00  0.0000000E+00  0.0000000E+00
  0.6000000E-04 -0.4508399E+09  0.5838125E+10 -0.9108507E+11  0.4065574E+16  0.5607644E+11  0.0000000E+00  0.0000000E+00 -0.9520528E+11  0.8388000E+13  0.5659411E+12  0.0000000E+00  0.0000000E+00  0.0000000E+00  0.0000000E+00  0.0000000E+00  0.0000000E+00
  0.7000000E-04 -0.7260939E+09  0.8936991E+10 -0.1395014E+12  0.6318809E+16  0.8389394E+11  0.0000000E+00  0.0000000E+00 -0.1516547E+12  0.1279372E+14  0.8143874E+12  0.0000000E+00  0.0000000E+00  0.0000000E+00  0.0000000E+00  0.0000000E+00  0.0000000E+00
  0.8000000E-04 -0.7019072E+09  0.1044296E+11 -0.1649257E+12  0.6511302E+16  0.1157405E+12  0.0000000E+00  0.0000000E+00 -0.1774814E+12  0.1506404E+14  0.9434601E+12  0.0000000E+00  0.0000000E+00  0.0000000E+00  0.0000000E+00  0.0000000E+00  0.0000000E+00
  0.9000000E-04 -0.1076876E+10  0.1197937E+11 -0.1863289E+12  0.6750857E+16  0.1492884E+12  0.0000000E+00  0.0000000E+00 -0.2014511E+12  0.1697283E+14  0.1074690E+13  0.0000000E+00  0.0000000E+00  0.0000000E+00  0.0000000E+00  0.0000000E+00  0.0000000E+00
  0.1000000E-03  0.9787223E+09  0.1538391E+11 -0.1420396E+12  0.7830939E+16  0.1525766E+12  0.0000000E+00  0.0000000E+00 -0.2742426E+12  0.1196532E+14  0.1265406E+13  0.0000000E+00  0.0000000E+00  0.0000000E+00  0.0000000E+00  0.0000000E+00  0.0000000E+00
  0.1100000E-03 -0.1041882E+10  0.1705833E+11 -0.1815330E+12  0.7025004E+16  0.1750604E+12  0.0000000E+00  0.0000000E+00 -0.2890148E+12  0.1544037E+14  0.1398309E+13  0.0000000E+00  0.0000000E+00  0.0000000E+00  0.0000000E+00  0.0000000E+00  0.0000000E+00
  0.1200000E-03 -0.2827118E+10  0.1867674E+11 -0.2069276E+12  0.6774476E+16  0.2046884E+12  0.0000000E+00  0.0000000E+00 -0.2988233E+12  0.1771539E+14  0.1530298E+13  0.0000000E+00  0.0000000E+00  0.0000000E+00  0.0000000E+00  0.0000000E+00  0.0000000E+00
  0.1300000E-03 -0.1348257E+11  0.1383457E+11 -0.3906481E+12  0.2480016E+17  0.2595808E+12  0.0000000E+00  0.0000000E+00 -0.1277779E+12  0.2814428E+14  0.1021624E+13  0.0000000E+00  0.0000000E+00  0.0000000E+00  0.0000000E+00  0.0000000E+00  0.0000000E+00
  0.1400000E-03 -0.1740406E+11  0.1258860E+11 -0.4520729E+12  0.1877721E+17  0.3356536E+12  0.0000000E+00  0.0000000E+00 -0.1020595E+12  0.3258992E+14  0.9205828E+12  0.0000000E+00  0.0000000E+00  0.0000000E+00  0.0000000E+00  0.0000000E+00  0.0000000E+00
  0.1500000E-03 -0.2028329E+11  0.1186837E+11 -0.4704877E+12  0.1547244E+17  0.4073793E+12  0.0000000E+00  0.0000000E+00 -0.9203098E+11  0.3429223E+14  0.8592372E+12  0.0000000E+00  0.0000000E+00  0.0000000E+00  0.0000000E+00  0.0000000E+00  0.0000000E+00
  0.1600000E-03 -0.9277449E+10 -0.2961326E+10 -0.2716757E+12  0.4877274E+17  0.3585834E+12  0.0000000E+00  0.0000000E+00  0.1836898E+12  0.9231058E+13 -0.7697089E+11  0.0000000E+00  0.0000000E+00  0.0000000E+00  0.0000000E+00  0.0000000E+00  0.0000000E+00
  0.1700000E-03 -0.1307910E+11 -0.2651924E+10 -0.4902013E+12  0.3832068E+17  0.4256605E+12  0.0000000E+00  0.0000000E+00  0.1306015E+12  0.1761289E+14 -0.6375798E+11  0.0000000E+00  0.0000000E+00  0.0000000E+00  0.0000000E+00  0.0000000E+00  0.0000000E+00
  0.1800000E-03 -0.1581909E+11 -0.2369973E+10 -0.6003560E+12  0.3211674E+17  0.5274664E+12  0.0000000E+00  0.0000000E+00  0.9560606E+11  0.2280841E+14 -0.5486669E+11  0.0000000E+00  0.0000000E+00  0.0000000E+00  0.0000000E+00  0.0000000E+00  0.0000000E+00
