 EM Railgun example                                                      
                    ls-dyna smp d R13 R13.1.1_27_8731a0 date 07/28/2023
EM Part data
  time,        LorFor-x,   LorFor-y,   LorFor-z,   JHEnergy,   MagEnergy,  KinEnergy,  PlasEnergy, LorTor-x,   LorTor-y,   LorTor-z,   SurFor-x,   SurFor-y,   SurFor-z,   SurTor-x,   SurTor-y,   SurTor-z,  
  0.1000000E-04  0.2901577E+08  0.9555427E+08  0.2640368E+10  0.3004095E+15  0.5084490E+09  0.0000000E+00  0.0000000E+00  0.1421745E+10 -0.2411013E+12  0.9150738E+10  0.0000000E+00  0.0000000E+00  0.0000000E+00  0.0000000E+00  0.0000000E+00  0.0000000E+00
  0.2000000E-04  0.1025726E+09  0.4317796E+09  0.1197458E+11  0.9645211E+15  0.3388728E+10  0.0000000E+00  0.0000000E+00  0.5677879E+10 -0.1093683E+13  0.4180164E+11  0.0000000E+00  0.0000000E+00  0.0000000E+00  0.0000000E+00  0.0000000E+00  0.0000000E+00
  0.3000000E-04  0.1777083E+09  0.9946032E+09  0.2765990E+11  0.1772034E+16  0.1023792E+11  0.0000000E+00  0.0000000E+00  0.1151739E+11 -0.2526415E+13  0.9722338E+11  0.0000000E+00  0.0000000E+00  0.0000000E+00  0.0000000E+00  0.0000000E+00  0.0000000E+00
  0.4000000E-04  0.1210359E+09  0.2159383E+10  0.4656840E+11  0.2558429E+16  0.2147848E+11  0.0000000E+00  0.0000000E+00  0.2157659E+11 -0.4280852E+13  0.2057161E+12  0.0000000E+00  0.0000000E+00  0.0000000E+00  0.0000000E+00  0.0000000E+00  0.0000000E+00
  0.5000000E-04  0.1900558E+08  0.3616523E+10  0.6860572E+11  0.3344128E+16  0.3738312E+11  0.0000000E+00  0.0000000E+00  0.3113106E+11 -0.6319855E+13  0.3421071E+12  0.0000000E+00  0.0000000E+00  0.0000000E+00  0.0000000E+00  0.0000000E+00  0.0000000E+00
  0.6000000E-04 -0.1493152E+09  0.5244292E+10  0.9241941E+11  0.4086428E+16  0.5783688E+11  0.0000000E+00  0.0000000E+00  0.3892998E+11 -0.8514636E+13  0.4956377E+12  0.0000000E+00  0.0000000E+00  0.0000000E+00  0.0000000E+00  0.0000000E+00  0.0000000E+00
  0.7000000E-04 -0.5399529E+09  0.6303973E+10  0.1363697E+12  0.6223651E+16  0.8379452E+11  0.0000000E+00  0.0000000E+00  0.5719406E+11 -0.1253474E+14  0.5967815E+12  0.0000000E+00  0.0000000E+00  0.0000000E+00  0.0000000E+00  0.0000000E+00  0.0000000E+00
  0.8000000E-04 -0.5144414E+09  0.6514052E+10  0.1599425E+12  0.6329874E+16  0.1142278E+12  0.0000000E+00  0.0000000E+00  0.5678357E+11 -0.1465117E+14  0.6052947E+12  0.0000000E+00  0.0000000E+00  0.0000000E+00  0.0000000E+00  0.0000000E+00  0.0000000E+00
  0.9000000E-04 -0.8030939E+09  0.6434122E+10  0.1794213E+12  0.6520704E+16  0.1463026E+12  0.0000000E+00  0.0000000E+00  0.5252124E+11 -0.1640464E+14  0.5917037E+12  0.0000000E+00  0.0000000E+00  0.0000000E+00  0.0000000E+00  0.0000000E+00  0.0000000E+00
  0.1000000E-03  0.1267675E+10  0.6573609E+10  0.1440115E+12  0.7880282E+16  0.1512117E+12  0.0000000E+00  0.0000000E+00  0.3145340E+11 -0.1209068E+14  0.5502083E+12  0.0000000E+00  0.0000000E+00  0.0000000E+00  0.0000000E+00  0.0000000E+00  0.0000000E+00
  0.1100000E-03 -0.7507413E+09  0.7329736E+10  0.1839482E+12  0.7076246E+16  0.1750563E+12  0.0000000E+00  0.0000000E+00  0.3918626E+11 -0.1559053E+14  0.6152150E+12  0.0000000E+00  0.0000000E+00  0.0000000E+00  0.0000000E+00  0.0000000E+00  0.0000000E+00
  0.1200000E-03 -0.2544531E+10  0.7999651E+10  0.2097629E+12  0.6825399E+16  0.2058379E+12  0.0000000E+00  0.0000000E+00  0.4321808E+11 -0.1789488E+14  0.6748087E+12  0.0000000E+00  0.0000000E+00  0.0000000E+00  0.0000000E+00  0.0000000E+00  0.0000000E+00
  0.1300000E-03 -0.1479631E+11  0.1538201E+10  0.3937692E+12  0.2478038E+17  0.2615049E+12  0.0000000E+00  0.0000000E+00 -0.1419306E+12 -0.2832486E+14  0.1531152E+12  0.0000000E+00  0.0000000E+00  0.0000000E+00  0.0000000E+00  0.0000000E+00  0.0000000E+00
  0.1400000E-03 -0.1871421E+11 -0.1848872E+09  0.4531251E+12  0.1873130E+17  0.3375947E+12  0.0000000E+00  0.0000000E+00 -0.1661310E+12 -0.3262380E+14  0.4805595E+11  0.0000000E+00  0.0000000E+00  0.0000000E+00  0.0000000E+00  0.0000000E+00  0.0000000E+00
  0.1500000E-03 -0.2152083E+11 -0.1167839E+10  0.4701354E+12  0.1541737E+17  0.4089337E+12  0.0000000E+00  0.0000000E+00 -0.1660343E+12 -0.3423148E+14 -0.1235736E+11  0.0000000E+00  0.0000000E+00  0.0000000E+00  0.0000000E+00  0.0000000E+00  0.0000000E+00
  0.1600000E-03 -0.9386351E+10 -0.2279989E+10  0.2696294E+12  0.4898944E+17  0.3589986E+12  0.0000000E+00  0.0000000E+00 -0.2722078E+11 -0.9051604E+13 -0.7431973E+11  0.0000000E+00  0.0000000E+00  0.0000000E+00  0.0000000E+00  0.0000000E+00  0.0000000E+00
  0.1700000E-03 -0.1315620E+11 -0.2606076E+10  0.4894773E+12  0.3846989E+17  0.4256856E+12  0.0000000E+00  0.0000000E+00 -0.6708403E+11 -0.1748783E+14 -0.6000697E+11  0.0000000E+00  0.0000000E+00  0.0000000E+00  0.0000000E+00  0.0000000E+00  0.0000000E+00
  0.1800000E-03 -0.1585869E+11 -0.2746012E+10  0.6002720E+12  0.3222533E+17  0.5273938E+12  0.0000000E+00  0.0000000E+00 -0.8265051E+11 -0.2271637E+14 -0.5090804E+11  0.0000000E+00  0.0000000E+00  0.0000000E+00  0.0000000E+00  0.0000000E+00  0.0000000E+00
