 EM Railgun example                                                      
                    ls-dyna smp d R13 R13.1.1_27_8731a0 date 07/28/2023
EM Part data
  time,        LorFor-x,   LorFor-y,   LorFor-z,   JHEnergy,   MagEnergy,  KinEnergy,  PlasEnergy, LorTor-x,   LorTor-y,   LorTor-z,   SurFor-x,   SurFor-y,   SurFor-z,   SurTor-x,   SurTor-y,   SurTor-z,  
  0.1000000E-04  0.2901577E+08  0.9555427E+08  0.2640368E+10  0.3004095E+15  0.5084490E+09  0.0000000E+00  0.0000000E+00  0.1421745E+10 -0.2411013E+12  0.9150738E+10  0.0000000E+00  0.0000000E+00  0.0000000E+00  0.0000000E+00  0.0000000E+00  0.0000000E+00
  0.2000000E-04  0.1025726E+09  0.4317796E+09  0.1197458E+11  0.9645211E+15  0.3388728E+10  0.0000000E+00  0.0000000E+00  0.5677879E+10 -0.1093683E+13  0.4180164E+11  0.0000000E+00  0.0000000E+00  0.0000000E+00  0.0000000E+00  0.0000000E+00  0.0000000E+00
  0.3000000E-04  0.1777083E+09  0.9946032E+09  0.2765990E+11  0.1772034E+16  0.1023792E+11  0.0000000E+00  0.0000000E+00  0.1151739E+11 -0.2526415E+13  0.9722338E+11  0.0000000E+00  0.0000000E+00  0.0000000E+00  0.0000000E+00  0.0000000E+00  0.0000000E+00
  0.4000000E-04  0.1210359E+09  0.2159383E+10  0.4656840E+11  0.2558429E+16  0.2147848E+11  0.0000000E+00  0.0000000E+00  0.2157659E+11 -0.4280852E+13  0.2057161E+12  0.0000000E+00  0.0000000E+00  0.0000000E+00  0.0000000E+00  0.0000000E+00  0.0000000E+00
  0.5000000E-04  0.1900558E+08  0.3616523E+10  0.6860572E+11  0.3344128E+16  0.3738312E+11  0.0000000E+00  0.0000000E+00  0.3113106E+11 -0.6319855E+13  0.3421071E+12  0.0000000E+00  0.0000000E+00  0.0000000E+00  0.0000000E+00  0.0000000E+00  0.0000000E+00
  0.6000000E-04 -0.1493152E+09  0.5244292E+10  0.9241941E+11  0.4086428E+16  0.5783688E+11  0.0000000E+00  0.0000000E+00  0.3892998E+11 -0.8514636E+13  0.4956377E+12  0.0000000E+00  0.0000000E+00  0.0000000E+00  0.0000000E+00  0.0000000E+00  0.0000000E+00
  0.7000000E-04 -0.5635733E+09  0.6470365E+10  0.1367643E+12  0.6231958E+16  0.8391202E+11  0.0000000E+00  0.0000000E+00  0.5573140E+11 -0.1256932E+14  0.6107270E+12  0.0000000E+00  0.0000000E+00  0.0000000E+00  0.0000000E+00  0.0000000E+00  0.0000000E+00
  0.8000000E-04 -0.4735388E+09  0.6593153E+10  0.1608146E+12  0.6352473E+16  0.1145597E+12  0.0000000E+00  0.0000000E+00  0.5572920E+11 -0.1472827E+14  0.6138964E+12  0.0000000E+00  0.0000000E+00  0.0000000E+00  0.0000000E+00  0.0000000E+00  0.0000000E+00
  0.9000000E-04 -0.6548275E+09  0.6373836E+10  0.1808799E+12  0.6556950E+16  0.1469438E+12  0.0000000E+00  0.0000000E+00  0.5283191E+11 -0.1653132E+14  0.5904714E+12  0.0000000E+00  0.0000000E+00  0.0000000E+00  0.0000000E+00  0.0000000E+00  0.0000000E+00
  0.1000000E-03  0.1632807E+10  0.5835808E+10  0.1414064E+12  0.7789048E+16  0.1506544E+12  0.0000000E+00  0.0000000E+00  0.3949485E+11 -0.1195199E+14  0.5079663E+12  0.0000000E+00  0.0000000E+00  0.0000000E+00  0.0000000E+00  0.0000000E+00  0.0000000E+00
  0.1100000E-03 -0.3725808E+09  0.6262508E+10  0.1804675E+12  0.6953667E+16  0.1734794E+12  0.0000000E+00  0.0000000E+00  0.4049357E+11 -0.1540461E+14  0.5540888E+12  0.0000000E+00  0.0000000E+00  0.0000000E+00  0.0000000E+00  0.0000000E+00  0.0000000E+00
  0.1200000E-03 -0.2178083E+10  0.6513474E+10  0.2052326E+12  0.6681065E+16  0.2032109E+12  0.0000000E+00  0.0000000E+00  0.3672020E+11 -0.1764167E+14  0.5868048E+12  0.0000000E+00  0.0000000E+00  0.0000000E+00  0.0000000E+00  0.0000000E+00  0.0000000E+00
  0.1300000E-03 -0.1428208E+11 -0.8455090E+09  0.3846045E+12  0.2479370E+17  0.2563357E+12  0.0000000E+00  0.0000000E+00 -0.2127819E+12 -0.2770274E+14  0.4454716E+10  0.0000000E+00  0.0000000E+00  0.0000000E+00  0.0000000E+00  0.0000000E+00  0.0000000E+00
  0.1400000E-03 -0.1820951E+11 -0.2312268E+10  0.4469834E+12  0.1876331E+17  0.3313599E+12  0.0000000E+00  0.0000000E+00 -0.2184290E+12 -0.3220260E+14 -0.8636715E+11  0.0000000E+00  0.0000000E+00  0.0000000E+00  0.0000000E+00  0.0000000E+00  0.0000000E+00
  0.1500000E-03 -0.2099724E+11 -0.3131851E+10  0.4661379E+12  0.1546463E+17  0.4025078E+12  0.0000000E+00  0.0000000E+00 -0.2082529E+12 -0.3394585E+14 -0.1379366E+12  0.0000000E+00  0.0000000E+00  0.0000000E+00  0.0000000E+00  0.0000000E+00  0.0000000E+00
  0.1600000E-03 -0.6639548E+10 -0.1302764E+10  0.2890130E+12  0.5025432E+17  0.3584768E+12  0.0000000E+00  0.0000000E+00  0.2760826E+11 -0.9322345E+13 -0.5547842E+11  0.0000000E+00  0.0000000E+00  0.0000000E+00  0.0000000E+00  0.0000000E+00  0.0000000E+00
  0.1700000E-03 -0.8800738E+10 -0.1366785E+10  0.5160252E+12  0.3958864E+17  0.4317677E+12  0.0000000E+00  0.0000000E+00 -0.1107677E+11 -0.1769929E+14 -0.3781164E+11  0.0000000E+00  0.0000000E+00  0.0000000E+00  0.0000000E+00  0.0000000E+00  0.0000000E+00
  0.1800000E-03 -0.1058915E+11 -0.1285673E+10  0.6322159E+12  0.3328558E+17  0.5400600E+12  0.0000000E+00  0.0000000E+00 -0.3016661E+11 -0.2293475E+14 -0.2555522E+11  0.0000000E+00  0.0000000E+00  0.0000000E+00  0.0000000E+00  0.0000000E+00  0.0000000E+00
