 EM Railgun example                                                      
                    ls-dyna smp d R13 R13.1.1_27_8731a0 date 07/28/2023
EM Part data
  time,        LorFor-x,   LorFor-y,   LorFor-z,   JHEnergy,   MagEnergy,  KinEnergy,  PlasEnergy, LorTor-x,   LorTor-y,   LorTor-z,   SurFor-x,   SurFor-y,   SurFor-z,   SurTor-x,   SurTor-y,   SurTor-z,  
  0.1000000E-04  0.1349540E+08  0.1281761E+09 -0.2542000E+10  0.2942180E+15  0.4806986E+09  0.0000000E+00  0.0000000E+00 -0.3247172E+10  0.2329949E+12  0.1244847E+11  0.0000000E+00  0.0000000E+00  0.0000000E+00  0.0000000E+00  0.0000000E+00  0.0000000E+00
  0.2000000E-04  0.4004721E+08  0.6402449E+09 -0.1156823E+11  0.9466339E+15  0.3218808E+10  0.0000000E+00  0.0000000E+00 -0.1477182E+11  0.1060058E+13  0.6199143E+11  0.0000000E+00  0.0000000E+00  0.0000000E+00  0.0000000E+00  0.0000000E+00  0.0000000E+00
  0.3000000E-04  0.5013465E+08  0.1611602E+10 -0.2679916E+11  0.1742134E+16  0.9764723E+10  0.0000000E+00  0.0000000E+00 -0.3413703E+11  0.2454890E+13  0.1556609E+12  0.0000000E+00  0.0000000E+00  0.0000000E+00  0.0000000E+00  0.0000000E+00  0.0000000E+00
  0.4000000E-04 -0.3726526E+07  0.2762716E+10 -0.4545389E+11  0.2527360E+16  0.2061134E+11  0.0000000E+00  0.0000000E+00 -0.5329088E+11  0.4185418E+13  0.2685338E+12  0.0000000E+00  0.0000000E+00  0.0000000E+00  0.0000000E+00  0.0000000E+00  0.0000000E+00
  0.5000000E-04 -0.1607459E+09  0.4192433E+10 -0.6733370E+11  0.3317412E+16  0.3607226E+11  0.0000000E+00  0.0000000E+00 -0.7395841E+11  0.6205828E+13  0.4074059E+12  0.0000000E+00  0.0000000E+00  0.0000000E+00  0.0000000E+00  0.0000000E+00  0.0000000E+00
  0.6000000E-04 -0.4508399E+09  0.5838125E+10 -0.9108507E+11  0.4065574E+16  0.5607644E+11  0.0000000E+00  0.0000000E+00 -0.9520528E+11  0.8388000E+13  0.5659411E+12  0.0000000E+00  0.0000000E+00  0.0000000E+00  0.0000000E+00  0.0000000E+00  0.0000000E+00
  0.7000000E-04 -0.7459483E+09  0.9144876E+10 -0.1378884E+12  0.6249740E+16  0.8344235E+11  0.0000000E+00  0.0000000E+00 -0.1523566E+12  0.1265879E+14  0.8293328E+12  0.0000000E+00  0.0000000E+00  0.0000000E+00  0.0000000E+00  0.0000000E+00  0.0000000E+00
  0.8000000E-04 -0.6915812E+09  0.1078084E+11 -0.1616895E+12  0.6403555E+16  0.1144621E+12  0.0000000E+00  0.0000000E+00 -0.1786586E+12  0.1479064E+14  0.9675132E+12  0.0000000E+00  0.0000000E+00  0.0000000E+00  0.0000000E+00  0.0000000E+00  0.0000000E+00
  0.9000000E-04 -0.9970709E+09  0.1246121E+11 -0.1817951E+12  0.6622396E+16  0.1469843E+12  0.0000000E+00  0.0000000E+00 -0.2030248E+12  0.1658745E+14  0.1109903E+13  0.0000000E+00  0.0000000E+00  0.0000000E+00  0.0000000E+00  0.0000000E+00  0.0000000E+00
  0.1000000E-03  0.1024675E+10  0.1534808E+11 -0.1404872E+12  0.7779159E+16  0.1503276E+12  0.0000000E+00  0.0000000E+00 -0.2566633E+12  0.1188208E+14  0.1283074E+13  0.0000000E+00  0.0000000E+00  0.0000000E+00  0.0000000E+00  0.0000000E+00  0.0000000E+00
  0.1100000E-03 -0.1024692E+10  0.1667528E+11 -0.1799463E+12  0.6964721E+16  0.1726753E+12  0.0000000E+00  0.0000000E+00 -0.2709301E+12  0.1535103E+14  0.1388869E+13  0.0000000E+00  0.0000000E+00  0.0000000E+00  0.0000000E+00  0.0000000E+00  0.0000000E+00
  0.1200000E-03 -0.2814463E+10  0.1801799E+11 -0.2052570E+12  0.6707731E+16  0.2020637E+12  0.0000000E+00  0.0000000E+00 -0.2807650E+12  0.1761859E+14  0.1498750E+13  0.0000000E+00  0.0000000E+00  0.0000000E+00  0.0000000E+00  0.0000000E+00  0.0000000E+00
  0.1300000E-03 -0.1353352E+11  0.1204821E+11 -0.3809040E+12  0.2478251E+17  0.2542438E+12  0.0000000E+00  0.0000000E+00 -0.1149068E+12  0.2749588E+14  0.9044675E+12  0.0000000E+00  0.0000000E+00  0.0000000E+00  0.0000000E+00  0.0000000E+00  0.0000000E+00
  0.1400000E-03 -0.1753545E+11  0.1120113E+11 -0.4445455E+12  0.1877730E+17  0.3288397E+12  0.0000000E+00  0.0000000E+00 -0.1034252E+12  0.3206871E+14  0.8311822E+12  0.0000000E+00  0.0000000E+00  0.0000000E+00  0.0000000E+00  0.0000000E+00  0.0000000E+00
  0.1500000E-03 -0.2040081E+11  0.1080826E+11 -0.4647660E+12  0.1548831E+17  0.3999561E+12  0.0000000E+00  0.0000000E+00 -0.9954353E+11  0.3387568E+14  0.7923620E+12  0.0000000E+00  0.0000000E+00  0.0000000E+00  0.0000000E+00  0.0000000E+00  0.0000000E+00
  0.1600000E-03 -0.6659972E+10 -0.2295136E+10 -0.2904305E+12  0.5012829E+17  0.3571259E+12  0.0000000E+00  0.0000000E+00  0.1676078E+12  0.9411885E+13 -0.5199718E+11  0.0000000E+00  0.0000000E+00  0.0000000E+00  0.0000000E+00  0.0000000E+00  0.0000000E+00
  0.1700000E-03 -0.8870270E+10 -0.2111294E+10 -0.5166698E+12  0.3951728E+17  0.4309741E+12  0.0000000E+00  0.0000000E+00  0.1156969E+12  0.1774747E+14 -0.4108067E+11  0.0000000E+00  0.0000000E+00  0.0000000E+00  0.0000000E+00  0.0000000E+00  0.0000000E+00
  0.1800000E-03 -0.1068613E+11 -0.1919366E+10 -0.6326735E+12  0.3324589E+17  0.5396002E+12  0.0000000E+00  0.0000000E+00  0.8415146E+11  0.2296256E+14 -0.3297087E+11  0.0000000E+00  0.0000000E+00  0.0000000E+00  0.0000000E+00  0.0000000E+00  0.0000000E+00
